0.171 0.652 0.216 0.231 0.514 0.563 0.486 0.152 0.294 0.403 0.000 0.319 0.258 0.461 0.000 0.144 0.284 0.088 0.267 0.055 
0.157 0.765 0.232 0.387 0.473 0.304 0.500 0.114 0.190 0.036 0.000 0.300 0.375 0.504 0.000 0.414 0.663 0.416 0.790 0.117 
0.187 0.697 0.256 0.382 0.601 0.615 0.526 0.108 0.302 0.486 0.000 0.396 0.450 0.386 0.018 0.085 0.338 0.205 0.712 0.054 
0.211 0.735 0.250 0.563 0.603 0.722 0.564 0.230 0.112 0.549 0.002 0.514 0.391 0.155 0.221 0.404 0.758 0.368 0.799 0.135 
0.180 0.736 0.219 0.600 0.676 0.745 0.653 0.092 0.351 0.536 0.001 0.255 0.505 0.264 0.128 0.530 0.793 0.323 0.795 0.111 
0.198 0.736 0.253 0.652 0.695 0.818 0.648 0.265 0.285 0.651 0.082 0.490 0.562 0.348 0.260 0.578 0.808 0.379 0.613 0.171 
0.207 0.787 0.282 0.609 0.591 0.782 0.573 0.322 0.425 0.650 0.034 0.351 0.516 0.577 0.259 0.405 0.743 0.334 0.723 0.171 
0.187 0.779 0.254 0.555 0.635 0.769 0.570 0.095 0.319 0.571 0.007 0.289 0.525 0.100 0.060 0.601 0.815 0.568 0.745 0.115 
0.254 0.817 0.298 0.560 0.658 0.708 0.645 0.362 0.339 0.642 0.109 0.380 0.589 0.628 0.138 0.480 0.821 0.535 0.855 0.203 
0.218 0.811 0.305 0.693 0.736 0.753 0.614 0.292 0.413 0.563 0.067 0.303 0.571 0.636 0.250 0.345 0.766 0.503 0.778 0.213 
0.259 0.757 0.377 0.694 0.687 0.773 0.587 0.320 0.506 0.675 0.230 0.582 0.567 0.723 0.455 0.750 0.788 0.552 0.735 0.198 
0.260 0.794 0.292 0.642 0.683 0.692 0.646 0.368 0.507 0.591 0.141 0.334 0.568 0.544 0.476 0.404 0.543 0.358 0.631 0.235 
0.264 0.785 0.405 0.688 0.734 0.743 0.674 0.351 0.417 0.686 0.248 0.564 0.603 0.545 0.369 0.550 0.785 0.517 0.819 0.227 
0.253 0.762 0.377 0.734 0.784 0.835 0.659 0.328 0.429 0.608 0.160 0.674 0.641 0.677 0.450 0.605 0.850 0.557 0.793 0.312 
0.244 0.800 0.327 0.734 0.723 0.823 0.650 0.261 0.501 0.703 0.135 0.352 0.628 0.491 0.486 0.753 0.830 0.429 0.793 0.299 
0.246 0.826 0.359 0.687 0.739 0.758 0.676 0.272 0.449 0.638 0.084 0.597 0.609 0.641 0.529 0.744 0.904 0.542 0.872 0.241 
0.236 0.799 0.402 0.742 0.743 0.768 0.600 0.403 0.434 0.695 0.134 0.697 0.504 0.720 0.352 0.558 0.836 0.601 0.864 0.254 
0.295 0.826 0.405 0.752 0.762 0.814 0.647 0.374 0.459 0.746 0.277 0.606 0.687 0.682 0.391 0.506 0.911 0.443 0.874 0.265 
0.247 0.727 0.382 0.720 0.800 0.829 0.642 0.414 0.463 0.639 0.257 0.668 0.679 0.655 0.533 0.596 0.841 0.530 0.787 0.288 
0.266 0.851 0.371 0.719 0.766 0.790 0.714 0.493 0.402 0.727 0.250 0.524 0.636 0.664 0.342 0.599 0.869 0.479 0.878 0.327 
0.265 0.813 0.408 0.733 0.707 0.801 0.713 0.456 0.437 0.743 0.341 0.632 0.605 0.600 0.438 0.576 0.911 0.516 0.862 0.405 
0.263 0.785 0.426 0.739 0.759 0.811 0.654 0.424 0.506 0.756 0.225 0.613 0.628 0.706 0.417 0.771 0.858 0.602 0.902 0.313 
0.340 0.806 0.382 0.751 0.725 0.728 0.645 0.524 0.518 0.799 0.305 0.545 0.647 0.678 0.434 0.665 0.871 0.611 0.821 0.380 
0.282 0.815 0.349 0.768 0.744 0.731 0.683 0.461 0.488 0.785 0.365 0.473 0.654 0.635 0.376 0.740 0.912 0.421 0.868 0.332 
0.282 0.814 0.419 0.775 0.740 0.803 0.653 0.485 0.586 0.715 0.243 0.659 0.606 0.691 0.395 0.544 0.867 0.570 0.836 0.366 
0.305 0.833 0.399 0.777 0.753 0.789 0.683 0.482 0.477 0.741 0.152 0.570 0.635 0.737 0.440 0.779 0.887 0.589 0.843 0.382 
0.262 0.782 0.460 0.708 0.789 0.778 0.651 0.403 0.528 0.777 0.207 0.631 0.655 0.694 0.292 0.638 0.850 0.637 0.799 0.350 
0.289 0.777 0.510 0.748 0.800 0.789 0.674 0.553 0.465 0.707 0.308 0.657 0.683 0.650 0.582 0.692 0.804 0.607 0.813 0.415 
0.315 0.738 0.434 0.773 0.794 0.777 0.631 0.539 0.539 0.778 0.227 0.579 0.626 0.733 0.489 0.728 0.826 0.531 0.826 0.367 
0.273 0.789 0.419 0.850 0.792 0.809 0.674 0.416 0.562 0.717 0.234 0.653 0.690 0.772 0.491 0.558 0.875 0.540 0.786 0.325 
0.259 0.798 0.442 0.737 0.814 0.847 0.629 0.525 0.491 0.759 0.172 0.674 0.583 0.599 0.425 0.690 0.854 0.539 0.790 0.413 
0.276 0.792 0.464 0.763 0.775 0.796 0.669 0.484 0.573 0.728 0.323 0.691 0.599 0.546 0.494 0.716 0.932 0.558 0.740 0.427 
0.291 0.809 0.455 0.766 0.747 0.808 0.672 0.478 0.446 0.785 0.269 0.681 0.666 0.696 0.501 0.577 0.917 0.525 0.909 0.384 
0.287 0.765 0.422 0.768 0.774 0.833 0.696 0.517 0.502 0.702 0.354 0.609 0.694 0.670 0.549 0.612 0.856 0.500 0.772 0.364 
0.303 0.805 0.423 0.805 0.818 0.826 0.682 0.491 0.577 0.733 0.339 0.618 0.657 0.776 0.321 0.683 0.908 0.549 0.828 0.391 
0.277 0.837 0.484 0.787 0.769 0.831 0.632 0.461 0.531 0.721 0.268 0.669 0.655 0.778 0.358 0.643 0.937 0.513 0.893 0.336 
0.291 0.805 0.395 0.763 0.795 0.820 0.677 0.535 0.527 0.662 0.477 0.606 0.676 0.767 0.264 0.756 0.883 0.615 0.833 0.396 
0.272 0.787 0.436 0.731 0.776 0.800 0.672 0.531 0.500 0.724 0.274 0.628 0.628 0.640 0.293 0.664 0.907 0.535 0.856 0.385 
0.305 0.776 0.460 0.716 0.770 0.787 0.657 0.445 0.513 0.777 0.346 0.687 0.619 0.748 0.461 0.617 0.902 0.575 0.809 0.421 
0.273 0.806 0.431 0.751 0.762 0.808 0.662 0.456 0.487 0.695 0.262 0.622 0.636 0.672 0.390 0.771 0.826 0.654 0.852 0.401 
0.283 0.790 0.459 0.784 0.782 0.776 0.667 0.480 0.453 0.760 0.219 0.659 0.694 0.720 0.356 0.680 0.903 0.522 0.870 0.363 
0.282 0.781 0.492 0.778 0.776 0.782 0.656 0.517 0.497 0.725 0.223 0.679 0.662 0.685 0.559 0.651 0.867 0.612 0.849 0.412 
0.286 0.817 0.390 0.769 0.798 0.835 0.687 0.506 0.516 0.776 0.158 0.597 0.667 0.519 0.474 0.768 0.915 0.440 0.902 0.357 
0.274 0.809 0.418 0.792 0.791 0.792 0.667 0.461 0.471 0.687 0.277 0.585 0.678 0.668 0.345 0.651 0.880 0.571 0.863 0.406 
0.271 0.774 0.414 0.762 0.790 0.797 0.600 0.589 0.510 0.720 0.317 0.553 0.626 0.661 0.391 0.554 0.916 0.648 0.840 0.345 
0.273 0.757 0.448 0.830 0.767 0.822 0.757 0.534 0.474 0.789 0.237 0.548 0.730 0.739 0.479 0.573 0.834 0.513 0.749 0.452 
0.283 0.823 0.449 0.814 0.794 0.821 0.719 0.575 0.517 0.758 0.170 0.598 0.684 0.606 0.496 0.622 0.897 0.713 0.855 0.407 
0.266 0.785 0.435 0.781 0.762 0.793 0.646 0.519 0.496 0.756 0.288 0.596 0.686 0.631 0.245 0.669 0.794 0.521 0.778 0.366 
0.277 0.812 0.400 0.756 0.768 0.805 0.705 0.480 0.540 0.797 0.237 0.613 0.680 0.727 0.479 0.615 0.890 0.577 0.787 0.338 
0.283 0.809 0.403 0.785 0.808 0.816 0.634 0.481 0.510 0.771 0.328 0.542 0.651 0.654 0.348 0.732 0.874 0.651 0.857 0.363 
0.276 0.773 0.437 0.802 0.765 0.815 0.679 0.534 0.536 0.670 0.221 0.642 0.669 0.709 0.512 0.649 0.905 0.569 0.823 0.421 
0.271 0.787 0.451 0.783 0.787 0.827 0.669 0.518 0.474 0.678 0.245 0.735 0.675 0.679 0.341 0.651 0.839 0.662 0.838 0.341 
0.269 0.766 0.431 0.686 0.749 0.829 0.698 0.504 0.572 0.772 0.307 0.705 0.660 0.680 0.217 0.598 0.885 0.549 0.751 0.356 
0.283 0.753 0.422 0.690 0.790 0.802 0.694 0.568 0.457 0.771 0.281 0.612 0.666 0.702 0.480 0.717 0.914 0.519 0.768 0.386 
0.258 0.761 0.420 0.772 0.772 0.795 0.600 0.480 0.442 0.733 0.112 0.519 0.590 0.730 0.349 0.593 0.880 0.562 0.844 0.308 
0.274 0.766 0.421 0.788 0.773 0.821 0.712 0.532 0.460 0.787 0.172 0.680 0.682 0.623 0.391 0.647 0.869 0.618 0.844 0.301 
0.289 0.803 0.404 0.757 0.796 0.776 0.696 0.498 0.575 0.748 0.391 0.589 0.676 0.711 0.334 0.613 0.892 0.528 0.818 0.371 
0.286 0.810 0.416 0.787 0.811 0.825 0.644 0.526 0.543 0.744 0.325 0.562 0.690 0.672 0.502 0.585 0.817 0.529 0.784 0.379 
0.287 0.797 0.447 0.762 0.776 0.804 0.662 0.475 0.469 0.759 0.319 0.642 0.623 0.540 0.335 0.576 0.891 0.597 0.849 0.374 
0.293 0.791 0.411 0.786 0.747 0.805 0.628 0.506 0.523 0.694 0.398 0.570 0.627 0.680 0.431 0.578 0.901 0.510 0.880 0.339 
