Input Features:
[1, r, g, b, z]
tensor([[1.0000, 0.7804, 0.8039, 0.7490, 0.9040],
        [1.0000, 0.4565, 0.4957, 0.4753, 0.8614],
        [1.0000, 0.6107, 0.4612, 0.3145, 0.9232],
        ...,
        [1.0000, 0.2876, 0.2563, 0.2053, 2.8502],
        [1.0000, 0.3014, 0.2718, 0.2206, 2.7764],
        [1.0000, 0.2950, 0.2637, 0.2136, 2.8108]], device='cuda:0')
torch.Size([9942, 5]) 9942



Simple:
tensor([[ 0.0525,  0.0357, -0.0205,  ..., -0.0020,  0.0140,  0.0748],
        [ 0.0215,  0.0853, -0.0038,  ...,  0.0372,  0.0414,  0.0779],
        [ 0.0326, -0.0036, -0.0100,  ...,  0.0292,  0.0721,  0.0907],
        ...,
        [ 0.0459,  0.0442,  0.0801,  ..., -0.0042,  0.0864, -0.0039],
        [ 0.0974,  0.0428, -0.0054,  ..., -0.0107,  0.0641, -0.0116],
        [ 0.1011,  0.0546,  0.0199,  ...,  0.0038,  0.1138, -0.0152]],
       device='cuda:0', grad_fn=<LeakyReluBackward0>)
torch.Size([9942, 32]) 9942

ResnetB
tensor([[ 0.0252,  0.0298, -0.0233,  ..., -0.0229,  0.0594,  0.0401],
        [-0.0027, -0.0125, -0.0011,  ..., -0.0141,  0.1320,  0.0608],
        [-0.0042,  0.1115,  0.0079,  ..., -0.0201,  0.1946,  0.0907],
        ...,
        [-0.0122,  0.0085,  0.0915,  ...,  0.0048,  0.1405,  0.0912],
        [-0.0039,  0.0348,  0.0325,  ..., -0.0025,  0.1359, -0.0012],
        [-0.0161, -0.0004,  0.0907,  ..., -0.0060,  0.1412,  0.0725]],
       device='cuda:0', grad_fn=<LeakyReluBackward0>)
torch.Size([9942, 64]) 9942



ResnetB_Strided
tensor([[-0.0006,  0.0217,  0.0943,  ...,  0.1683,  0.1805,  0.0394],
        [-0.0008,  0.0217,  0.0943,  ...,  0.2371,  0.1658,  0.0663],
        [-0.0006,  0.0220,  0.0943,  ...,  0.2387,  0.1427,  0.0640],
        ...,
        [-0.0009, -0.0013,  0.0762,  ...,  0.1739,  0.1449,  0.0705],
        [-0.0009,  0.0843,  0.0149,  ...,  0.1536,  0.1957,  0.1834],
        [ 0.0677,  0.0469,  0.0358,  ...,  0.0463,  0.1343, -0.0052]],
       device='cuda:0', grad_fn=<LeakyReluBackward0>)
torch.Size([2963, 64]) 2963

ResnetB
tensor([[ 0.0005, -0.0013, -0.0024,  ..., -0.0127, -0.0051,  0.0088],
        [ 0.0079, -0.0006, -0.0025,  ..., -0.0103, -0.0036,  0.0766],
        [ 0.0066,  0.0308, -0.0060,  ..., -0.0056, -0.0045,  0.0194],
        ...,
        [ 0.0198, -0.0027, -0.0128,  ..., -0.0109,  0.0074,  0.0128],
        [-0.0012, -0.0059,  0.0136,  ..., -0.0054, -0.0065,  0.0563],
        [-0.0104, -0.0031, -0.0021,  ...,  0.0044, -0.0080, -0.0038]],
       device='cuda:0', grad_fn=<LeakyReluBackward0>)
torch.Size([2963, 128]) 2963

ResnetB
tensor([[-0.0012, -0.0043,  0.0072,  ..., -0.0019,  0.0013, -0.0038],
        [-0.0027, -0.0079,  0.0113,  ..., -0.0012,  0.0068,  0.0930],
        [-0.0024, -0.0006, -0.0012,  ..., -0.0009,  0.0014, -0.0005],
        ...,
        [-0.0015, -0.0125,  0.0046,  ..., -0.0008,  0.0159,  0.0513],
        [-0.0010, -0.0011,  0.0386,  ...,  0.0054, -0.0007,  0.1040],
        [-0.0004,  0.0145,  0.0323,  ...,  0.0122, -0.0016, -0.0070]],
       device='cuda:0', grad_fn=<LeakyReluBackward0>)
torch.Size([2963, 128]) 2963



ResnetB_Strided
tensor([[ 0.1205,  0.1127,  0.0149,  ...,  0.1471,  0.2171,  0.1087],
        [ 0.1214,  0.1248,  0.0117,  ..., -0.0029,  0.0586,  0.0489],
        [ 0.1264,  0.0084,  0.1072,  ...,  0.0415, -0.0023,  0.1219],
        ...,
        [ 0.0289,  0.1930,  0.1161,  ...,  0.0876,  0.0997,  0.0718],
        [ 0.0043,  0.0874,  0.0237,  ...,  0.0263, -0.0062,  0.0738],
        [ 0.0011,  0.0398,  0.0182,  ..., -0.0026,  0.1535,  0.0162]],
       device='cuda:0', grad_fn=<LeakyReluBackward0>)
torch.Size([756, 128]) 756

ResnetB_Deformable
tensor([[-0.0116, -0.0049, -0.0081,  ..., -0.0048,  0.0810, -0.0084],
        [-0.0088, -0.0017, -0.0119,  ..., -0.0012, -0.0008, -0.0057],
        [-0.0072, -0.0109, -0.0051,  ..., -0.0030,  0.0247, -0.0006],
        ...,
        [-0.0098, -0.0091,  0.0656,  ...,  0.0038,  0.0854, -0.0094],
        [-0.0016,  0.0224, -0.0085,  ..., -0.0010, -0.0083, -0.0054],
        [-0.0004, -0.0011, -0.0122,  ...,  0.0186, -0.0059, -0.0006]],
       device='cuda:0', grad_fn=<LeakyReluBackward0>)
torch.Size([756, 256]) 756

ResnetB_Deformable
tensor([[-0.0043,  0.0501, -0.0039,  ...,  0.0487,  0.0939, -0.0011],
        [-0.0036,  0.0701, -0.0074,  ...,  0.0347,  0.0089,  0.0003],
        [-0.0085, -0.0029, -0.0063,  ...,  0.0170,  0.0315,  0.0502],
        ...,
        [-0.0103, -0.0110, -0.0062,  ...,  0.0363,  0.0839,  0.0029],
        [-0.0029,  0.0606, -0.0027,  ...,  0.0047, -0.0010,  0.0529],
        [-0.0056,  0.0488,  0.0046,  ...,  0.0308,  0.0083,  0.0471]],
       device='cuda:0', grad_fn=<LeakyReluBackward0>)
torch.Size([756, 256]) 756



ResnetB_Deformable_Stride
tensor([[-0.0137,  0.1850,  0.0396,  ...,  0.1097,  0.1404,  0.0983],
        [-0.0188,  0.1358,  0.0396,  ...,  0.0780,  0.2139,  0.0628],
        [ 0.1277,  0.1850,  0.0706,  ...,  0.2612,  0.0727,  0.0912],
        ...,
        [ 0.2323,  0.1293,  0.1790,  ...,  0.0933,  0.3150,  0.0556],
        [ 0.0733,  0.1850,  0.0208,  ...,  0.2501,  0.2569,  0.0871],
        [ 0.0516,  0.1471,  0.0451,  ...,  0.0145,  0.1551,  0.1037]],
       device='cuda:0', grad_fn=<LeakyReluBackward0>)
torch.Size([208, 256]) 208

ResnetB_Deformable
tensor([[-0.0030,  0.0279, -0.0081,  ...,  0.0399, -0.0011,  0.0572],
        [-0.0042, -0.0035, -0.0109,  ...,  0.0317,  0.0093,  0.0517],
        [ 0.0001, -0.0027, -0.0095,  ...,  0.0075, -0.0030, -0.0069],
        ...,
        [-0.0022, -0.0044, -0.0020,  ...,  0.0044,  0.0380, -0.0132],
        [-0.0034, -0.0149, -0.0061,  ...,  0.0039,  0.0643,  0.0746],
        [-0.0099, -0.0102, -0.0087,  ...,  0.0966,  0.0575, -0.0050]],
       device='cuda:0', grad_fn=<LeakyReluBackward0>)
torch.Size([208, 512]) 208

ResnetB_Deformable
tensor([[-0.0043, -0.0027, -0.0008,  ...,  0.0442, -0.0034,  0.0512],
        [-0.0045, -0.0036, -0.0017,  ...,  0.0359, -0.0034,  0.0355],
        [-0.0018, -0.0059, -0.0010,  ...,  0.0120, -0.0006,  0.0038],
        ...,
        [-0.0039, -0.0075, -0.0019,  ...,  0.0089,  0.0221, -0.0016],
        [-0.0019, -0.0100, -0.0049,  ...,  0.0082,  0.0146,  0.0512],
        [-0.0030, -0.0009, -0.0014,  ...,  0.1009,  0.0419,  0.0072]],
       device='cuda:0', grad_fn=<LeakyReluBackward0>)
torch.Size([208, 512]) 208



ResnetB_Deformable_Stride
tensor([[ 0.0136, -0.0024, -0.0010,  ...,  0.1220,  0.0061,  0.0278],
        [ 0.0775,  0.0084,  0.1438,  ...,  0.1872,  0.1156,  0.1493],
        [ 0.0540, -0.0018, -0.0008,  ...,  0.1171, -0.0016,  0.0468],
        ...,
        [ 0.0775,  0.1180,  0.1317,  ...,  0.1209, -0.0170,  0.1493],
        [ 0.0325, -0.0038, -0.0048,  ...,  0.1872,  0.0095,  0.0428],
        [ 0.0775,  0.0903,  0.1385,  ...,  0.1209, -0.0138,  0.1493]],
       device='cuda:0', grad_fn=<LeakyReluBackward0>)
torch.Size([54, 512]) 54

ResnetB_Deformable
tensor([[-0.0018, -0.0106,  0.0213,  ..., -0.0030, -0.0027,  0.0020],
        [-0.0033, -0.0017, -0.0004,  ...,  0.0182, -0.0053, -0.0023],
        [-0.0030, -0.0132,  0.0045,  ..., -0.0027, -0.0024, -0.0011],
        ...,
        [-0.0029, -0.0029,  0.0288,  ..., -0.0015, -0.0055, -0.0053],
        [-0.0013, -0.0088, -0.0057,  ...,  0.0038, -0.0035, -0.0034],
        [ 0.0138, -0.0051,  0.0082,  ..., -0.0037, -0.0082, -0.0071]],
       device='cuda:0', grad_fn=<LeakyReluBackward0>)
torch.Size([54, 1024]) 54

ResnetB_Deformable
tensor([[-0.0022, -0.0031,  0.0035,  ..., -0.0027, -0.0024,  0.0017],
        [-0.0024, -0.0022, -0.0018,  ..., -0.0006, -0.0026, -0.0003],
        [-0.0023, -0.0033, -0.0013,  ..., -0.0027, -0.0023, -0.0001],
        ...,
        [-0.0023, -0.0023,  0.0110,  ..., -0.0026, -0.0027, -0.0006],
        [-0.0022, -0.0029, -0.0024,  ..., -0.0020, -0.0024, -0.0004],
        [-0.0006, -0.0025, -0.0010,  ..., -0.0028, -0.0029, -0.0007]],
       device='cuda:0', grad_fn=<LeakyReluBackward0>)
torch.Size([54, 1024]) 54

