Detailed explanation about each entry is in:
segmentation_inputs   in common.py;
potential_item        in Scannet.py

[

Input Points:
[21604, 3], [5473, 3], [1392, 3], [335, 3], [86, 3]
array([[-1.9638395e+00,  8.8992459e-01, -6.8596728e-02],
       [-1.9769424e+00,  8.9068604e-01, -3.5202466e-02],
       [-1.9661279e+00,  8.8812000e-01,  2.0740891e-04],
       ...,
       [ 1.7753811e+00, -1.1587144e+00,  2.7435321e-01],
       [ 1.7760638e+00, -1.1556531e+00,  3.4756419e-01],
       [ 1.7775828e+00, -1.1561790e+00,  3.1010577e-01]], dtype=float32), 
array([[ 1.7758832 , -1.1591467 ,  0.25487733],
       [ 1.7843431 , -1.1655977 ,  0.00517768],
       [ 1.7748585 , -1.183388  , -0.18773538],
       ...,
       [ 0.7211514 , -0.8363149 ,  0.38660693],
       [-0.5404233 , -1.1960979 , -0.21560358],
       [ 0.8564662 , -0.91270375,  0.19809332]], dtype=float32), 
array([[ 0.54379606, -0.8037688 ,  0.6785997 ],
       [ 0.67396396, -0.77480054,  0.43077245],
       [ 0.6852999 , -0.6428883 ,  0.7123811 ],
       ...,
       [-0.4120025 ,  0.14838482,  0.25008464],
       [-1.0851228 , -0.39056593,  0.48331445],
       [ 0.21684496,  0.6558293 ,  0.16197145]], dtype=float32), 
array([[-0.12129915,  0.36617443,  1.0098774 ],
       [-0.50239646, -0.73359865, -0.0669865 ],
       [ 1.5713012 ,  0.8628027 ,  0.3929208 ],
       ...,
       [ 0.84561634,  0.9288711 ,  0.7858631 ],
       [-1.6272929 , -1.0326862 , -0.2072943 ],
       [ 0.41978064, -0.16935173, -0.2116969 ]], dtype=float32), 
array([[ 2.1383266 ,  0.02720619, -0.23917124],
       [-1.2211342 , -1.614749  , -0.19922042],
       [-1.9949003 , -0.2899749 ,  0.04671344],
       [ 0.50323594, -1.3365165 , -0.24281943],
       [ 1.1816481 , -0.91351485, -0.23149858],
       [-1.8444856 , -1.0409008 , -0.20352548],
       [ 1.8941916 ,  0.8300978 ,  0.51124907],
       [-0.12720703, -0.47964504, -0.19903985],
       [ 0.92812777, -1.2731128 , -0.23815897],
       [ 1.7414722 ,  0.36327103, -0.23507619],
       [ 0.8585205 , -1.0303245 ,  0.19560736],
       [ 0.78791416,  0.9031521 ,  0.5014684 ],
       [-0.6616791 , -1.6776319 , -0.2054114 ],
       [ 0.04526071,  0.5682833 ,  1.6139414 ],
       [ 0.47415888, -0.8173982 ,  0.48206586],
       [-1.4087006 ,  1.0718795 ,  0.85546845],
       [-1.9078902 ,  0.7238077 ,  0.27049077],
       [ 1.3690653 , -0.46761426, -0.22902465],
       [ 1.0294038 , -0.16319567, -0.17458291],
       [ 0.9659618 , -1.0384485 ,  1.2111368 ],
       [ 1.6392633 ,  0.68712723, -0.0365608 ],
       [ 0.14964978,  0.8478832 ,  0.23932104],
       [-1.0328921 , -0.30207303,  0.4933241 ],
       [ 0.16387805,  0.42224586,  0.3366667 ],
       [-0.9450623 , -0.93199384,  0.2443327 ],
       [ 0.4617505 ,  0.6231631 ,  1.1215013 ],
       [-1.1730574 ,  0.37818933,  0.48321685],
       [ 1.795966  , -1.0326871 ,  0.3860743 ],
       [ 0.40991643, -0.33309862, -0.09371991],
       [-2.0657558 ,  0.547309  , -0.2132855 ],
       [ 0.05857347,  0.45420146,  0.9799262 ],
       [-1.9740046 , -0.48808652, -0.07613908],
       [ 0.5207693 , -0.95614827, -0.02240081],
       [-0.11637143,  1.0015123 ,  0.837841  ],
       [-2.0792427 ,  0.11312023, -0.19081345],
       [ 1.2816484 , -1.4946085 , -0.2307981 ],
       [ 0.4155948 ,  0.5798913 ,  0.567285  ],
       [-0.19439963, -1.0464168 , -0.16716759],
       [-0.6946744 ,  0.9308597 ,  0.65759337],
       [ 1.4860142 ,  0.90003   ,  0.6535884 ],
       [-0.6091053 , -0.54340845, -0.1930687 ],
       [-0.53741634, -0.37589654,  0.24663651],
       [-1.8422931 ,  0.2563281 ,  0.3694767 ],
       [ 0.7511088 , -0.8503185 ,  0.7592627 ],
       [ 0.24009028,  0.8768933 , -0.11727474],
       [-0.7347521 ,  0.4444486 ,  0.5007399 ],
       [ 0.2922049 ,  0.6744956 ,  1.4946804 ],
       [-0.04993981, -1.7525331 , -0.221596  ],
       [ 0.8356515 ,  0.09048969,  0.54629225],
       [ 0.314987  , -0.12180185,  0.94727004],
       [ 0.44951427, -0.53835356,  0.9406541 ],
       [ 0.92054504,  0.8479577 , -0.0334155 ],
       [ 2.1067333 ,  0.45074597, -0.16516697],
       [-1.7711349 , -0.36396557,  0.5000841 ],
       [-1.9056387 ,  0.8788338 , -0.18813524],
       [-0.2899186 ,  0.1963799 , -0.20935592],
       [ 1.8012222 , -0.14471349, -0.23318723],
       [-0.35987628,  0.28085864,  0.13872005],
       [-1.2834765 ,  0.83268285,  0.6099384 ],
       [-0.19940256,  1.0467498 ,  1.4490892 ],
       [-0.8008456 , -1.0533514 , -0.19652373],
       [-1.5702071 , -1.0150287 , -0.07858475],
       [ 0.3391391 , -1.9912353 , -0.23015302],
       [ 0.49257916,  0.03424555,  1.2167926 ],
       [-1.625042  , -0.8711619 ,  0.44371837],
       [-0.09671795, -2.0204835 , -0.21960083],
       [ 0.35532975,  0.08315229,  1.7126249 ],
       [ 0.40575796,  0.28183487, -0.10682851],
       [ 1.4405559 ,  0.80807775, -0.04963075],
       [ 0.64002675, -0.70798564,  1.3730879 ],
       [-0.53403854, -0.8992289 ,  0.3110401 ],
       [-1.1653081 , -1.3079278 , -0.2060456 ],
       [-0.8806237 ,  1.0849742 ,  1.2034101 ],
       [ 1.7964578 , -0.88144034, -0.18420118],
       [ 0.46018523, -0.4846398 ,  1.6635153 ],
       [ 1.2344007 ,  0.8768907 ,  0.4380625 ],
       [ 0.4926826 ,  0.939257  ,  1.0130956 ],
       [-1.9264789 ,  0.35789946, -0.13901761],
       [ 1.0126605 ,  0.47937238, -0.19692323],
       [ 0.37226257, -0.2515654 ,  0.48073825],
       [-1.2095258 , -0.7764129 ,  0.48767123],
       [-0.14139391,  0.6148649 , -0.24408947],
       [ 0.7735298 , -1.6956046 , -0.23224694],
       [ 0.9736783 ,  0.940075  ,  1.1569421 ],
       [-0.30259627,  0.81806266,  0.02513333],
       [ 2.056113  ,  0.51295507,  0.11366081]], dtype=float32), 
       
Neighbours:
[21604, 63], [5473, 61], [1392, 397], [335, 277], [86, 86]
array([[    0,   155,     1, ..., 21604, 21604, 21604],
       [    1,     0,     2, ..., 21604, 21604, 21604],
       [    2,     1,     4, ..., 21604, 21604, 21604],
       ...,
       [21601, 21599, 21603, ..., 21604, 21604, 21604],
       [21602, 21568, 21504, ..., 21604, 21604, 21604],
       [21603, 21504, 21568, ..., 21604, 21604, 21604]]), 
array([[   0,   21,  508, ..., 5473, 5473, 5473],
       [   1,  250, 2718, ..., 5473, 5473, 5473],
       [   2,    3, 5145, ..., 5473, 5473, 5473],
       ...,
       [5470, 4449,  303, ..., 5473, 5473, 5473],
       [5471, 2840, 2910, ..., 5473, 5473, 5473],
       [5472, 2909, 5465, ..., 5473, 5473, 5473]]), 
array([[   0,  662,  479, ..., 1392, 1392, 1392],
       [   1,   73,   51, ..., 1392, 1392, 1392],
       [   2,  521,    3, ..., 1392, 1392, 1392],
       ...,
       [1389,  272, 1105, ..., 1392, 1392, 1392],
       [1390, 1281, 1326, ..., 1392, 1392, 1392],
       [1391,  631, 1280, ..., 1392, 1392, 1392]]), 
array([[  0,  81, 303, ..., 335, 335, 335],
       [  1, 254, 151, ..., 335, 335, 335],
       [  2,  87, 240, ..., 335, 335, 335],
       ...,
       [332, 178,  93, ..., 335, 335, 335],
       [333, 204,  70, ..., 335, 335, 335],
       [334, 256,  22, ..., 335, 335, 335]]), 
array([[ 0, 56, 52, ..., 86, 86, 86],
       [ 1, 71, 12, ..., 86, 86, 86],
       [ 2, 31, 34, ..., 86, 86, 86],
       ...,
       [83, 76, 25, ..., 31,  1,  5],
       [84, 81, 21, ..., 27, 65, 62],
       [85, 52, 20, ..., 86, 86, 86]]), 


Pools:	
    in pool or strided block, indices of original points to be pooled into current point
[5473, 58], [1392, 57], [335, 394], [86, 273], [0, 1]
array([[21600, 21601, 21599, ..., 21604, 21604, 21604],
       [21586, 21590, 21589, ..., 21604, 21604, 21604],
       [21579, 21578, 21580, ..., 21604, 21604, 21604],
       ...,
       [19749, 19786, 19785, ..., 21604, 21604, 21604],
       [16013, 16014,  5439, ..., 21604, 21604, 21604],
       [19935, 19934, 19942, ..., 21604, 21604, 21604]]), 
array([[5458, 4530,  222, ..., 5473, 5473, 5473],
       [5445, 5446, 4451, ..., 5473, 5473, 5473],
       [5443, 5441,  699, ..., 5473, 5473, 5473],
       ...,
       [1568, 1576,  330, ..., 5473, 5473, 5473],
       [3030, 2268,  399, ..., 5473, 5473, 5473],
       [3818, 3422, 4805, ..., 5473, 5473, 5473]]), 
array([[1382, 1380, 1384, ..., 1392, 1392, 1392],
       [1342,  844, 1260, ..., 1392, 1392, 1392],
       [1365, 1311,  812, ..., 1392, 1392, 1392],
       ...,
       [ 610,  170, 1346, ..., 1392, 1392, 1392],
       [ 611, 1292,  379, ..., 1392, 1392, 1392],
       [ 618, 1237,  288, ..., 1392, 1392, 1392]]), 
array([[288, 286, 172, ..., 335, 335, 335],
       [294, 282, 251, ..., 335, 335, 335],
       [243,  13,  12, ..., 335, 335, 335],
       ...,
       [147,  93, 221, ..., 335, 335, 335],
       [305,  94, 164, ..., 335, 335, 335],
       [229,  98,  10, ..., 335, 335, 335]]), 
array([], shape=(0, 1), dtype=int64), 


Upsamples:	
    in pool or strided block, indices of original points to be upsampled to current point
[21604, 62], [5473, 60], [1392, 281], [335, 86], [0, 1]
array([[1966,  989, 2735, ..., 5473, 5473, 5473],
       [2735, 1966,  989, ..., 5473, 5473, 5473],
       [2735, 1966, 5236, ..., 5473, 5473, 5473],
       ...,
       [   0,   21,   18, ..., 5473, 5473, 5473],
       [  18,  238,    5, ..., 5473, 5473, 5473],
       [  18,    0,   21, ..., 5473, 5473, 5473]]), 
array([[ 703,  547,  918, ..., 1392, 1392, 1392],
       [ 642,  559,  495, ..., 1392, 1392, 1392],
       [ 222,  960, 1168, ..., 1392, 1392, 1392],
       ...,
       [ 742,    1,   73, ..., 1392, 1392, 1392],
       [1211, 1096, 1085, ..., 1392, 1392, 1392],
       [ 487,  647,   16, ..., 1392, 1392, 1392]]), 
array([[129, 253, 152, ..., 335, 335, 335],
       [138, 152, 253, ..., 335, 335, 335],
       [129,  52, 152, ..., 335, 335, 335],
       ...,
       [228,  11, 223, ..., 335, 335, 335],
       [122,  59,  51, ..., 335, 335, 335],
       [312,  78, 319, ..., 335, 335, 335]]), 
array([[30, 25, 49, ..., 35, 65, 62],
       [40, 70, 37, ..., 85, 52,  6],
       [39, 75,  6, ...,  1, 31, 86],
       ...,
       [11, 83, 76, ..., 31,  1,  5],
       [61,  5, 71, ..., 86, 86, 86],
       [28, 67, 18, ..., 16, 54, 29]]), 
array([], shape=(0, 1), dtype=int64), 


Length: 
array([21604], dtype=int32), 
array([5473], dtype=int32), 
array([1392], dtype=int32), 
array([335], dtype=int32), 
array([86], dtype=int32), 


Features:
[21604, 4]
array([[1.        , 0.05163399, 0.05163399, 0.02679739],
       [1.        , 0.05080989, 0.05370844, 0.04040921],
       [1.        , 0.09019608, 0.07843138, 0.08627451],
       ...,
       [1.        , 0.80220586, 0.5879902 , 0.35980392],
       [1.        , 0.8034314 , 0.5894608 , 0.3514706 ],
       [1.        , 0.79383755, 0.57254905, 0.3327731 ]], dtype=float32), 
       

Labels:
[21604]  
array([4, 4, 4, ..., 1, 1, 1]), 


Scales:
array([[-1.0989819,  1.0356624,  0.9571049]], dtype=float32), 


Rotations:
array([[[-0.99843884, -0.05585596,  0.        ],
        [ 0.05585596, -0.99843884,  0.        ],
        [ 0.        ,  0.        ,  1.        ]]], dtype=float32), 
        

Cloud Index:
array([0], dtype=int32), 


Center Index:   -> center point of the input region, index of the point in coarser KDTree data
array([3359], dtype=int32), 


Input Index:
[21604]
array([74147, 34507, 77703, ..., 67961, 53663, 47990])

]






