0.147 0.625 0.138 0.350 0.373 0.615 0.523 0.090 0.214 0.388 0.000 0.051 0.356 0.227 0.002 0.043 0.240 0.003 0.141 0.066 
0.181 0.634 0.197 0.442 0.506 0.667 0.465 0.040 0.214 0.281 0.000 0.227 0.167 0.196 0.037 0.237 0.441 0.232 0.538 0.060 
0.158 0.797 0.248 0.527 0.629 0.611 0.600 0.000 0.228 0.419 0.000 0.415 0.500 0.147 0.015 0.483 0.776 0.422 0.657 0.138 
0.183 0.703 0.217 0.611 0.475 0.693 0.527 0.053 0.351 0.605 0.053 0.399 0.364 0.430 0.184 0.079 0.554 0.250 0.675 0.149 
0.204 0.766 0.196 0.531 0.523 0.662 0.525 0.192 0.261 0.472 0.000 0.119 0.364 0.512 0.016 0.433 0.634 0.173 0.631 0.146 
0.199 0.758 0.313 0.544 0.656 0.670 0.529 0.128 0.303 0.465 0.040 0.423 0.322 0.442 0.279 0.531 0.643 0.189 0.724 0.178 
0.249 0.697 0.309 0.617 0.589 0.626 0.534 0.261 0.310 0.537 0.092 0.469 0.431 0.320 0.216 0.496 0.659 0.370 0.773 0.156 
0.243 0.779 0.257 0.673 0.718 0.705 0.560 0.135 0.502 0.524 0.293 0.401 0.552 0.599 0.261 0.402 0.724 0.291 0.759 0.191 
0.222 0.812 0.291 0.475 0.743 0.709 0.564 0.215 0.421 0.452 0.266 0.482 0.424 0.499 0.129 0.446 0.677 0.344 0.765 0.132 
0.232 0.741 0.329 0.596 0.594 0.659 0.600 0.347 0.477 0.640 0.082 0.426 0.547 0.635 0.266 0.663 0.813 0.429 0.757 0.192 
0.159 0.772 0.268 0.611 0.718 0.654 0.643 0.225 0.256 0.464 0.067 0.412 0.549 0.379 0.249 0.460 0.727 0.535 0.689 0.203 
0.233 0.775 0.376 0.589 0.688 0.742 0.606 0.367 0.399 0.628 0.098 0.662 0.566 0.582 0.314 0.474 0.783 0.489 0.847 0.232 
0.206 0.814 0.308 0.617 0.546 0.690 0.524 0.344 0.400 0.643 0.178 0.335 0.302 0.581 0.375 0.439 0.728 0.340 0.786 0.200
0.253 0.799 0.340 0.603 0.752 0.695 0.638 0.302 0.467 0.675 0.234 0.603 0.630 0.676 0.327 0.711 0.755 0.404 0.784 0.201 
0.250 0.779 0.404 0.711 0.720 0.802 0.650 0.363 0.454 0.692 0.106 0.654 0.554 0.703 0.244 0.600 0.807 0.407 0.797 0.269 
0.241 0.795 0.311 0.656 0.773 0.750 0.658 0.340 0.426 0.720 0.166 0.482 0.603 0.573 0.278 0.596 0.755 0.473 0.690 0.287 
0.246 0.793 0.371 0.697 0.760 0.750 0.638 0.363 0.434 0.490 0.199 0.549 0.634 0.412 0.239 0.752 0.830 0.476 0.796 0.296 
0.258 0.797 0.407 0.695 0.726 0.649 0.630 0.364 0.397 0.720 0.148 0.606 0.580 0.189 0.612 0.336 0.838 0.485 0.842 0.260 
0.232 0.797 0.393 0.710 0.732 0.772 0.671 0.313 0.463 0.682 0.163 0.610 0.635 0.682 0.385 0.561 0.763 0.573 0.804 0.255 
0.269 0.742 0.356 0.739 0.761 0.856 0.685 0.311 0.504 0.685 0.288 0.663 0.632 0.627 0.418 0.448 0.859 0.585 0.829 0.241 
0.263 0.742 0.367 0.706 0.729 0.751 0.685 0.371 0.507 0.685 0.230 0.656 0.628 0.668 0.258 0.714 0.854 0.519 0.766 0.344 
0.277 0.790 0.357 0.643 0.783 0.795 0.645 0.440 0.537 0.674 0.218 0.592 0.562 0.576 0.506 0.642 0.802 0.550 0.875 0.270 
0.230 0.784 0.381 0.712 0.692 0.724 0.481 0.307 0.506 0.806 0.105 0.616 0.439 0.523 0.477 0.485 0.867 0.539 0.814 0.351 
0.239 0.786 0.318 0.668 0.753 0.806 0.640 0.336 0.472 0.711 0.196 0.577 0.568 0.532 0.489 0.638 0.875 0.584 0.843 0.239 
0.239 0.827 0.405 0.754 0.801 0.760 0.714 0.348 0.474 0.769 0.151 0.692 0.651 0.621 0.158 0.732 0.884 0.481 0.889 0.337 
0.260 0.778 0.344 0.746 0.780 0.773 0.649 0.363 0.575 0.628 0.222 0.622 0.600 0.758 0.455 0.579 0.904 0.508 0.703 0.335 
0.253 0.789 0.396 0.784 0.753 0.778 0.668 0.361 0.431 0.745 0.217 0.430 0.650 0.706 0.385 0.454 0.871 0.533 0.886 0.298 
0.255 0.807 0.408 0.740 0.759 0.835 0.656 0.398 0.458 0.759 0.151 0.662 0.650 0.494 0.392 0.592 0.874 0.504 0.878 0.427 
0.244 0.805 0.380 0.760 0.801 0.830 0.652 0.398 0.451 0.656 0.173 0.497 0.616 0.705 0.539 0.628 0.841 0.523 0.811 0.424 
0.278 0.768 0.448 0.741 0.802 0.853 0.654 0.456 0.554 0.743 0.159 0.652 0.642 0.622 0.600 0.601 0.909 0.547 0.831 0.375 
0.287 0.781 0.427 0.775 0.775 0.791 0.693 0.451 0.556 0.705 0.288 0.627 0.673 0.629 0.449 0.594 0.864 0.535 0.819 0.372 
0.273 0.786 0.426 0.700 0.756 0.819 0.675 0.342 0.493 0.772 0.254 0.734 0.593 0.711 0.458 0.734 0.887 0.545 0.835 0.395 
0.273 0.762 0.414 0.741 0.786 0.839 0.628 0.460 0.467 0.793 0.243 0.660 0.583 0.655 0.501 0.659 0.915 0.595 0.816 0.352 
0.294 0.811 0.417 0.683 0.801 0.791 0.673 0.498 0.524 0.786 0.256 0.596 0.648 0.604 0.525 0.620 0.858 0.527 0.877 0.353 
0.253 0.781 0.437 0.748 0.803 0.809 0.622 0.487 0.521 0.798 0.169 0.591 0.596 0.654 0.449 0.489 0.877 0.553 0.844 0.381 
0.286 0.798 0.416 0.767 0.794 0.854 0.663 0.478 0.550 0.720 0.195 0.656 0.666 0.740 0.487 0.815 0.900 0.629 0.845 0.369 
0.269 0.745 0.457 0.747 0.772 0.813 0.633 0.492 0.487 0.743 0.293 0.656 0.629 0.719 0.504 0.648 0.859 0.574 0.726 0.352 
0.263 0.770 0.383 0.767 0.791 0.802 0.659 0.457 0.558 0.695 0.226 0.609 0.633 0.671 0.288 0.516 0.827 0.506 0.775 0.346 
0.269 0.811 0.426 0.802 0.772 0.812 0.635 0.357 0.515 0.693 0.213 0.653 0.562 0.619 0.392 0.732 0.908 0.667 0.809 0.394 
0.276 0.789 0.412 0.735 0.782 0.831 0.688 0.422 0.482 0.720 0.260 0.676 0.703 0.656 0.530 0.665 0.888 0.565 0.903 0.371 
0.255 0.771 0.403 0.737 0.810 0.815 0.659 0.459 0.499 0.763 0.200 0.657 0.675 0.598 0.367 0.599 0.899 0.559 0.850 0.402 
0.261 0.784 0.437 0.731 0.791 0.797 0.674 0.411 0.473 0.724 0.171 0.680 0.645 0.666 0.393 0.593 0.901 0.532 0.887 0.346 
0.281 0.817 0.386 0.762 0.789 0.827 0.663 0.419 0.532 0.770 0.332 0.580 0.630 0.732 0.451 0.671 0.841 0.506 0.816 0.373 
0.255 0.809 0.496 0.766 0.781 0.826 0.665 0.404 0.466 0.776 0.213 0.649 0.628 0.721 0.662 0.410 0.851 0.572 0.858 0.385 
0.262 0.773 0.411 0.793 0.791 0.825 0.684 0.459 0.530 0.775 0.230 0.678 0.635 0.603 0.357 0.519 0.884 0.650 0.792 0.368 
0.257 0.746 0.440 0.788 0.795 0.836 0.617 0.422 0.556 0.671 0.165 0.711 0.615 0.645 0.371 0.530 0.864 0.686 0.817 0.347 
0.257 0.764 0.383 0.764 0.750 0.845 0.663 0.423 0.540 0.745 0.292 0.668 0.603 0.664 0.325 0.570 0.866 0.587 0.846 0.373 
0.282 0.777 0.457 0.767 0.775 0.799 0.697 0.430 0.546 0.755 0.280 0.725 0.635 0.695 0.541 0.789 0.916 0.636 0.857 0.409 
0.283 0.776 0.380 0.729 0.795 0.833 0.654 0.492 0.524 0.771 0.332 0.612 0.636 0.685 0.477 0.573 0.913 0.590 0.862 0.385 
0.263 0.780 0.443 0.813 0.787 0.845 0.692 0.450 0.527 0.738 0.206 0.652 0.659 0.628 0.562 0.549 0.908 0.542 0.815 0.370 
0.270 0.777 0.498 0.771 0.798 0.847 0.565 0.486 0.556 0.735 0.269 0.679 0.553 0.686 0.500 0.575 0.858 0.608 0.789 0.332 
0.265 0.817 0.417 0.775 0.781 0.806 0.688 0.402 0.536 0.755 0.159 0.547 0.673 0.670 0.389 0.714 0.890 0.628 0.898 0.457 
0.278 0.766 0.462 0.786 0.782 0.814 0.676 0.446 0.482 0.746 0.327 0.693 0.671 0.647 0.473 0.615 0.921 0.595 0.868 0.388 
0.285 0.820 0.472 0.810 0.802 0.853 0.643 0.503 0.614 0.723 0.299 0.677 0.660 0.683 0.548 0.637 0.867 0.642 0.875 0.411 
0.269 0.800 0.457 0.761 0.809 0.854 0.670 0.399 0.513 0.701 0.195 0.682 0.647 0.660 0.467 0.613 0.867 0.611 0.880 0.401 
0.271 0.770 0.463 0.788 0.802 0.832 0.689 0.433 0.481 0.718 0.213 0.672 0.620 0.768 0.471 0.608 0.909 0.579 0.821 0.403 
0.267 0.802 0.418 0.778 0.757 0.759 0.661 0.428 0.506 0.747 0.245 0.657 0.667 0.637 0.399 0.643 0.898 0.586 0.820 0.349 
0.271 0.790 0.399 0.782 0.780 0.817 0.671 0.496 0.510 0.752 0.189 0.683 0.594 0.685 0.464 0.642 0.926 0.457 0.903 0.339 
0.266 0.788 0.419 0.823 0.792 0.828 0.693 0.474 0.549 0.816 0.270 0.668 0.649 0.677 0.550 0.446 0.833 0.501 0.838 0.408 
0.277 0.765 0.345 0.725 0.797 0.834 0.703 0.466 0.581 0.815 0.269 0.551 0.654 0.749 0.426 0.624 0.862 0.555 0.836 0.367 
0.275 0.820 0.388 0.785 0.762 0.816 0.663 0.471 0.602 0.766 0.166 0.607 0.653 0.712 0.395 0.617 0.890 0.519 0.844 0.333 
0.252 0.784 0.389 0.753 0.758 0.767 0.685 0.420 0.508 0.726 0.161 0.569 0.613 0.595 0.331 0.460 0.885 0.538 0.812 0.354 
0.272 0.782 0.464 0.786 0.794 0.841 0.661 0.471 0.553 0.755 0.300 0.637 0.709 0.563 0.417 0.650 0.909 0.602 0.869 0.413 
