[{

'params': [Parameter containing:
tensor([[-0.0126, -0.0928, -0.1183,  ...,  0.0850, -0.1135, -0.0134],
        [ 0.1062, -0.0966,  0.0981,  ...,  0.0293, -0.0273,  0.0215],
        [ 0.1221, -0.0093, -0.0323,  ...,  0.0557, -0.1131, -0.1061],
        ...,
        [ 0.0995,  0.1132, -0.0984,  ...,  0.0867,  0.0296, -0.0313],
        [-0.0522, -0.0466,  0.0933,  ...,  0.0916, -0.0265,  0.0328],
        [-0.0854,  0.1094,  0.0386,  ..., -0.0735, -0.0677, -0.0667]],
       requires_grad=True), Parameter containing:
tensor([0., 0., 0.,  ..., 0., 0., 0.], requires_grad=True), Parameter containing:
tensor([[-0.0343,  0.0794, -0.0563,  ...,  0.0607,  0.0123,  0.0029],
        [ 0.0404, -0.0509,  0.0589,  ..., -0.0876, -0.0621, -0.0140],
        [-0.0359,  0.0454, -0.0686,  ...,  0.0734, -0.0419,  0.0737],
        ...,
        [ 0.0760, -0.0289, -0.0480,  ..., -0.0769,  0.0713, -0.0513],
        [ 0.0257,  0.0686, -0.0026,  ...,  0.0287,  0.0819,  0.0873],
        [ 0.0257,  0.0673, -0.0552,  ..., -0.0510,  0.0289,  0.0168]],
       requires_grad=True), Parameter containing:
tensor([0., 0., 0.,  ..., 0., 0., 0.], requires_grad=True), Parameter containing:
tensor([[-0.0287,  0.0169,  0.0060,  ...,  0.0103, -0.0419, -0.0369],
        [ 0.0586,  0.0197, -0.0343,  ...,  0.0025, -0.0059, -0.0417],
        [-0.0435,  0.0139,  0.0470,  ..., -0.0502, -0.0451,  0.0139],
        ...,
        [-0.0206,  0.0536, -0.0508,  ..., -0.0452,  0.0004,  0.0307],
        [-0.0250,  0.0304, -0.0111,  ..., -0.0132, -0.0564, -0.0375],
        [-0.0353,  0.0595,  0.0225,  ...,  0.0109, -0.0432,  0.0446]],
       requires_grad=True), Parameter containing:
tensor([0., 0., 0.,  ..., 0., 0., 0.], requires_grad=True), Parameter containing:
tensor([[-0.0046,  0.0130,  0.0108,  ...,  0.0145,  0.0338, -0.0158],
        [-0.0185, -0.0049, -0.0056,  ...,  0.0309,  0.0135, -0.0271],
        [ 0.0382, -0.0420,  0.0439,  ...,  0.0202, -0.0388, -0.0243],
        ...,
        [-0.0128,  0.0388, -0.0267,  ...,  0.0406,  0.0037, -0.0050],
        [ 0.0241,  0.0013,  0.0067,  ..., -0.0442, -0.0427, -0.0283],
        [-0.0045, -0.0255, -0.0025,  ..., -0.0040, -0.0115,  0.0009]],
       requires_grad=True), Parameter containing:
tensor([0., 0., 0.,  ..., 0., 0., 0.], requires_grad=True), Parameter containing:
tensor([[ 0.0037,  0.0052, -0.0125,  ..., -0.0577, -0.0229, -0.0116],
        [ 0.0476, -0.0287, -0.0075,  ..., -0.0397, -0.0169, -0.0464],
        [ 0.0204, -0.0285, -0.0022,  ..., -0.0218,  0.0363,  0.0085],
        ...,
        [-0.0472,  0.0106,  0.0077,  ...,  0.0531, -0.0185,  0.0136],
        [-0.0092,  0.0247, -0.0032,  ...,  0.0038, -0.0336,  0.0037],
        [-0.0024, -0.0396, -0.0115,  ..., -0.0008, -0.0161,  0.0097]],
       requires_grad=True), Parameter containing:
tensor([[-0.0164, -0.0053, -0.0312,  ..., -0.0088, -0.0060,  0.0052],
        [ 0.0249,  0.0158,  0.0018,  ..., -0.0207, -0.0297,  0.0282],
        [ 0.0281,  0.0273,  0.0146,  ..., -0.0176,  0.0255,  0.0059],
        ...,
        [ 0.0217, -0.0036,  0.0279,  ...,  0.0274,  0.0026, -0.0130],
        [ 0.0279,  0.0229,  0.0092,  ..., -0.0076, -0.0146, -0.0095],
        [ 0.0179, -0.0304, -0.0155,  ...,  0.0120, -0.0193, -0.0091]],
       requires_grad=True), Parameter containing:
tensor([-0.0095, -0.0122, -0.0046,  0.0144,  0.0227, -0.0299,  0.0260, -0.0211,
         0.0114, -0.0127,  0.0124, -0.0277, -0.0149, -0.0245, -0.0177,  0.0033,
        -0.0073,  0.0266, -0.0008,  0.0108,  0.0137,  0.0219, -0.0212,  0.0195,
         0.0115, -0.0058, -0.0278,  0.0098,  0.0181,  0.0124,  0.0117,  0.0092,
        -0.0014,  0.0016,  0.0148,  0.0059,  0.0144,  0.0292, -0.0066, -0.0219,
         0.0002, -0.0030,  0.0172,  0.0179,  0.0050, -0.0298, -0.0152,  0.0084,
         0.0102,  0.0203,  0.0122,  0.0309,  0.0232, -0.0166,  0.0211,  0.0287,
         0.0172, -0.0153, -0.0146, -0.0002, -0.0082,  0.0270,  0.0219,  0.0110],
       requires_grad=True), Parameter containing:
tensor([[ 0.0033, -0.0014,  0.0015,  ..., -0.0030,  0.0017,  0.0018],
        [-0.0022,  0.0016, -0.0014,  ...,  0.0014,  0.0013,  0.0036],
        [-0.0036,  0.0034, -0.0034,  ...,  0.0005,  0.0013,  0.0005],
        ...,
        [ 0.0008, -0.0031, -0.0014,  ...,  0.0025,  0.0019, -0.0037],
        [ 0.0009,  0.0025, -0.0028,  ..., -0.0005,  0.0003,  0.0002],
        [ 0.0011,  0.0026,  0.0028,  ..., -0.0037,  0.0025,  0.0012]],
       requires_grad=True), Parameter containing:
tensor([ 3.7018e-03, -1.0244e-03,  1.3531e-03,  3.8280e-03, -3.1212e-03,
         1.0700e-03,  2.6400e-03,  2.9485e-03,  1.4699e-03, -3.2562e-03,
        -2.6984e-03, -2.6892e-03,  4.8397e-04,  6.9537e-04,  3.6903e-03,
         5.6487e-04, -3.3304e-04, -1.8469e-04,  5.6174e-04,  2.4747e-05,
        -3.1137e-03,  3.8912e-03, -3.4607e-03, -1.8383e-03, -3.3642e-03,
         6.9067e-04, -3.0569e-04, -3.4651e-03, -1.3050e-03,  1.4102e-03,
        -2.3129e-03,  3.8711e-03, -1.9861e-03,  1.7681e-03,  2.6284e-03,
         1.6370e-03, -5.8370e-04,  3.3224e-03, -8.8387e-04, -1.6265e-03,
        -3.1211e-03, -1.0486e-03, -1.9836e-03, -3.2703e-03, -1.9632e-03,
         2.6419e-03, -9.1424e-05,  1.5428e-03,  1.4378e-03,  3.1951e-03,
         2.0323e-03, -1.0477e-03,  1.0338e-03, -2.8162e-03, -3.3818e-03,
         2.7753e-03, -1.6156e-03,  2.3226e-03,  1.6787e-03,  1.3606e-03,
        -2.1804e-03, -3.6290e-03,  6.2315e-04,  2.1003e-03,  1.8504e-03,
        -3.1241e-03, -2.9000e-03,  1.9673e-03,  2.6852e-03, -3.6733e-03,
         1.2108e-03, -1.4733e-03, -1.8092e-03,  2.2471e-03,  2.5644e-03,
         1.8571e-03,  1.6644e-03, -1.4912e-03, -2.3798e-03,  1.9240e-03,
        -2.8280e-03,  3.3378e-04,  1.1553e-03,  3.4738e-03,  6.9222e-04,
         2.0209e-03, -7.6314e-04,  1.4363e-03, -3.7494e-03, -2.9250e-03,
         4.2986e-04, -2.3112e-03,  6.3768e-04, -5.4963e-04,  2.6387e-05,
        -2.8485e-04,  1.9960e-03,  1.4946e-03,  1.3176e-03, -1.1733e-03,
        -9.8444e-04, -2.7779e-03,  1.0479e-04, -3.3588e-03, -1.5496e-03,
         7.0158e-04,  3.5375e-03, -2.6249e-03,  2.6937e-03, -1.3661e-03,
         1.1821e-03,  1.6938e-04,  2.3154e-03,  8.9371e-04,  2.1620e-03,
         8.3205e-05, -2.8920e-03, -2.7911e-03, -1.7146e-03,  2.0859e-03,
         3.6987e-03,  3.8342e-03,  2.1340e-03,  3.9040e-03, -3.1538e-03,
         1.6294e-03,  1.7554e-03, -3.7129e-04, -1.9126e-03,  1.1279e-03,
        -1.8114e-03,  1.3307e-03, -7.1293e-04,  2.2182e-03, -3.1885e-04,
        -2.2390e-03, -2.9201e-03,  1.7161e-03,  2.5102e-03, -3.3184e-03,
        -3.7424e-04,  1.6217e-03,  3.7712e-03, -2.3879e-03, -3.3205e-03,
         2.4762e-03,  1.9561e-03,  2.6841e-04, -3.4666e-05,  1.1261e-03,
         4.9086e-04,  2.0166e-03, -1.5337e-03,  3.4819e-03, -1.3210e-03,
         1.9521e-03, -1.0500e-03, -2.2344e-03, -6.0095e-04, -2.8573e-03,
         2.8416e-03,  9.5728e-04, -3.4892e-03, -1.3395e-03, -3.2530e-03,
         3.4338e-03,  3.8385e-03, -6.3522e-04,  3.1668e-04,  3.8905e-03,
        -1.2994e-03, -2.0535e-03,  2.8098e-03,  7.3747e-04, -3.6464e-03,
         5.2005e-04,  1.5957e-03, -3.4139e-03,  3.4890e-03,  3.3959e-03,
         3.3030e-03,  1.6816e-03, -1.0723e-03,  3.6431e-03, -1.1276e-03,
        -1.5923e-03,  2.3170e-03,  3.4275e-03,  3.7679e-03,  3.7337e-03,
        -1.8212e-03,  3.4650e-03, -2.6527e-05, -3.3376e-03, -2.6783e-03,
        -2.4785e-03, -3.1041e-03, -1.9198e-03, -3.8560e-03, -3.0573e-03,
         1.3114e-03, -2.3945e-03,  3.4722e-03,  2.4327e-04,  1.2020e-03,
        -2.1327e-03,  2.5495e-03, -2.5144e-03,  1.9190e-03, -8.2573e-04,
        -3.0252e-03, -3.3339e-03, -1.4432e-03,  4.2361e-04,  5.2067e-04,
        -1.4765e-03, -2.6244e-03, -3.8269e-03, -3.8752e-03, -2.3914e-03,
        -1.2097e-03,  3.0562e-03,  3.4267e-03,  1.9998e-03,  1.1881e-03,
        -1.4440e-03,  2.8109e-03,  3.5555e-03,  2.8071e-03, -4.2959e-04,
         2.0959e-03, -4.0476e-04,  9.0830e-04, -1.1076e-03, -1.6449e-03,
         1.0611e-03, -1.6423e-03, -3.7850e-03, -2.5405e-03,  2.1163e-03,
         5.4462e-04,  3.2317e-03,  1.5437e-03, -1.6102e-04,  4.5054e-04,
        -2.2142e-03,  2.0579e-03,  3.2651e-03, -9.9345e-04,  3.2773e-03,
         2.7634e-03,  1.7715e-03,  9.6311e-05, -5.8509e-04, -3.1561e-03,
         9.0032e-04], requires_grad=True)], 

'lr': 0.0001, 

'betas': (0.9, 0.999), 

'eps': 1e-08, 

'weight_decay': 0.001, 

'amsgrad': False

}]
