0.094 0.000 0.000 0.000 0.000 0.000 0.000 0.000 0.400 0.002 0.255 0.000 0.112 0.115 0.528 0.000 0.100 0.000 0.000 
0.186 0.000 0.000 0.000 0.000 0.000 0.000 0.000 0.018 0.000 0.275 0.000 0.501 0.042 0.653 0.009 0.030 0.039 0.000 
0.368 0.000 0.000 0.000 0.000 0.000 0.000 0.000 0.505 0.000 0.254 0.000 0.530 0.119 0.700 0.133 0.257 0.000 0.000 
0.533 0.000 0.000 0.001 0.000 0.000 0.000 0.000 0.577 0.000 0.227 0.000 0.395 0.039 0.430 0.023 0.320 0.000 0.000 
0.316 0.000 0.000 0.000 0.000 0.000 0.000 0.149 0.506 0.000 0.222 0.000 0.513 0.115 0.653 0.215 0.142 0.000 0.000 
0.541 0.000 0.000 0.000 0.000 0.000 0.001 0.163 0.526 0.000 0.240 0.000 0.518 0.124 0.723 0.020 0.185 0.050 0.000 
0.372 0.000 0.000 0.000 0.000 0.000 0.135 0.000 0.430 0.000 0.353 0.000 0.614 0.068 0.709 0.359 0.547 0.019 0.000 
0.509 0.000 0.000 0.000 0.000 0.000 0.028 0.190 0.609 0.000 0.342 0.000 0.613 0.054 0.660 0.142 0.258 0.196 0.000 
0.664 0.000 0.000 0.000 0.000 0.000 0.000 0.000 0.649 0.035 0.329 0.000 0.605 0.169 0.721 0.001 0.529 0.227 0.000 
0.641 0.000 0.003 0.016 0.000 0.000 0.000 0.000 0.573 0.000 0.147 0.000 0.585 0.127 0.739 0.181 0.445 0.000 0.000 
0.709 0.000 0.000 0.000 0.000 0.000 0.000 0.171 0.529 0.000 0.410 0.000 0.344 0.149 0.658 0.013 0.148 0.039 0.000 
0.766 0.000 0.000 0.000 0.000 0.000 0.164 0.000 0.610 0.000 0.410 0.000 0.577 0.098 0.736 0.346 0.384 0.228 0.000 
0.661 0.000 0.000 0.000 0.001 0.000 0.000 0.187 0.603 0.000 0.387 0.000 0.368 0.076 0.430 0.141 0.517 0.182 0.000 
0.821 0.000 0.000 0.000 0.000 0.000 0.000 0.000 0.659 0.024 0.412 0.000 0.701 0.226 0.780 0.279 0.611 0.304 0.000 
0.736 0.000 0.000 0.238 0.000 0.000 0.002 0.061 0.642 0.000 0.385 0.000 0.578 0.098 0.789 0.170 0.532 0.292 0.000 
0.646 0.000 0.000 0.000 0.000 0.000 0.011 0.006 0.656 0.099 0.382 0.000 0.594 0.173 0.749 0.216 0.582 0.304 0.000 
0.851 0.000 0.000 0.010 0.000 0.000 0.000 0.000 0.693 0.063 0.381 0.000 0.708 0.319 0.775 0.125 0.556 0.266 0.000 
0.839 0.000 0.000 0.003 0.000 0.000 0.109 0.272 0.643 0.017 0.394 0.000 0.748 0.289 0.751 0.464 0.244 0.390 0.000 
0.818 0.000 0.000 0.008 0.000 0.000 0.212 0.280 0.629 0.037 0.430 0.000 0.636 0.290 0.768 0.281 0.532 0.403 0.000 
0.574 0.000 0.000 0.035 0.000 0.000 0.000 0.000 0.602 0.008 0.400 0.000 0.406 0.212 0.702 0.456 0.297 0.000 0.000 
0.600 0.000 0.000 0.000 0.061 0.000 0.000 0.000 0.525 0.000 0.127 0.000 0.721 0.375 0.768 0.323 0.367 0.245 0.000 
0.860 0.000 0.000 0.000 0.000 0.000 0.240 0.251 0.656 0.009 0.404 0.000 0.505 0.116 0.744 0.243 0.485 0.247 0.000 
0.532 0.000 0.003 0.020 0.000 0.000 0.002 0.000 0.681 0.000 0.403 0.000 0.553 0.082 0.590 0.267 0.359 0.421 0.000 
0.280 0.000 0.000 0.000 0.011 0.000 0.000 0.015 0.535 0.078 0.097 0.000 0.582 0.172 0.551 0.189 0.409 0.342 0.000 
0.659 0.000 0.019 0.004 0.000 0.000 0.005 0.000 0.581 0.000 0.179 0.000 0.650 0.097 0.752 0.105 0.066 0.010 0.000 
0.766 0.000 0.000 0.014 0.009 0.000 0.000 0.092 0.650 0.120 0.494 0.000 0.772 0.375 0.766 0.113 0.441 0.073 0.000 
0.794 0.000 0.000 0.051 0.000 0.000 0.005 0.000 0.126 0.062 0.352 0.000 0.574 0.163 0.671 0.410 0.567 0.300 0.002 
0.597 0.000 0.000 0.000 0.033 0.000 0.069 0.205 0.303 0.000 0.371 0.000 0.705 0.242 0.687 0.383 0.111 0.188 0.000 
0.695 0.000 0.000 0.020 0.000 0.000 0.078 0.000 0.627 0.056 0.374 0.000 0.610 0.087 0.628 0.289 0.342 0.298 0.000 
0.824 0.000 0.000 0.008 0.001 0.000 0.000 0.000 0.694 0.010 0.392 0.000 0.665 0.192 0.738 0.355 0.614 0.319 0.000 
0.531 0.000 0.000 0.024 0.000 0.000 0.000 0.000 0.552 0.015 0.380 0.000 0.669 0.192 0.689 0.389 0.409 0.359 0.000 
0.744 0.000 0.000 0.036 0.000 0.000 0.000 0.026 0.595 0.000 0.380 0.000 0.730 0.191 0.763 0.217 0.484 0.251 0.003 
0.782 0.000 0.000 0.061 0.000 0.000 0.277 0.000 0.619 0.002 0.315 0.000 0.609 0.066 0.756 0.228 0.066 0.126 0.000 
0.818 0.000 0.000 0.020 0.000 0.000 0.045 0.238 0.657 0.082 0.389 0.000 0.601 0.097 0.704 0.355 0.467 0.057 0.000 
0.607 0.000 0.000 0.052 0.000 0.003 0.193 0.057 0.622 0.112 0.281 0.000 0.700 0.372 0.792 0.570 0.646 0.252 0.000 
0.679 0.000 0.000 0.001 0.146 0.000 0.000 0.250 0.644 0.000 0.478 0.000 0.720 0.357 0.676 0.401 0.275 0.111 0.013 
0.555 0.000 0.000 0.002 0.006 0.000 0.000 0.005 0.575 0.085 0.347 0.000 0.709 0.313 0.528 0.455 0.391 0.355 0.003 
0.614 0.000 0.000 0.000 0.000 0.000 0.000 0.008 0.681 0.000 0.459 0.000 0.538 0.322 0.730 0.390 0.524 0.247 0.000 
0.789 0.000 0.004 0.026 0.000 0.000 0.000 0.298 0.694 0.020 0.475 0.000 0.679 0.363 0.807 0.524 0.600 0.370 0.017 
0.742 0.000 0.000 0.004 0.014 0.000 0.382 0.002 0.643 0.122 0.490 0.000 0.701 0.334 0.778 0.377 0.490 0.315 0.012 
0.784 0.000 0.000 0.000 0.000 0.102 0.000 0.000 0.662 0.008 0.467 0.000 0.691 0.341 0.747 0.445 0.539 0.294 0.002 
0.889 0.000 0.000 0.336 0.000 0.000 0.431 0.336 0.669 0.055 0.500 0.000 0.720 0.272 0.806 0.437 0.593 0.348 0.000 
0.822 0.000 0.000 0.032 0.000 0.000 0.000 0.006 0.651 0.051 0.311 0.000 0.672 0.265 0.772 0.508 0.558 0.317 0.000 
0.824 0.000 0.103 0.000 0.000 0.000 0.312 0.000 0.719 0.046 0.552 0.000 0.546 0.357 0.746 0.485 0.595 0.059 0.002 
0.443 0.000 0.000 0.047 0.000 0.000 0.000 0.240 0.728 0.000 0.489 0.000 0.433 0.250 0.687 0.403 0.558 0.283 0.000 
0.631 0.000 0.000 0.223 0.173 0.000 0.000 0.000 0.706 0.000 0.411 0.000 0.663 0.145 0.528 0.034 0.540 0.222 0.000 
0.776 0.000 0.113 0.000 0.152 0.000 0.000 0.000 0.712 0.053 0.529 0.000 0.740 0.374 0.801 0.517 0.639 0.362 0.210 
0.814 0.000 0.003 0.000 0.000 0.000 0.185 0.254 0.709 0.030 0.456 0.000 0.671 0.105 0.752 0.137 0.611 0.099 0.010 
0.710 0.000 0.000 0.000 0.000 0.038 0.000 0.236 0.718 0.057 0.257 0.000 0.689 0.377 0.753 0.455 0.463 0.399 0.000 
0.861 0.000 0.003 0.000 0.000 0.000 0.235 0.269 0.689 0.030 0.485 0.000 0.545 0.376 0.723 0.397 0.428 0.068 0.000 
0.754 0.000 0.000 0.001 0.000 0.000 0.000 0.000 0.703 0.079 0.523 0.000 0.666 0.323 0.774 0.530 0.620 0.207 0.000 
0.711 0.000 0.000 0.093 0.000 0.001 0.221 0.003 0.646 0.002 0.374 0.000 0.753 0.389 0.777 0.592 0.546 0.489 0.045 
0.842 0.000 0.126 0.211 0.023 0.009 0.189 0.000 0.750 0.008 0.511 0.000 0.635 0.291 0.762 0.594 0.617 0.480 0.000 
0.820 0.000 0.016 0.097 0.233 0.000 0.009 0.314 0.751 0.014 0.530 0.000 0.730 0.416 0.796 0.446 0.678 0.114 0.008 
0.822 0.000 0.000 0.299 0.000 0.000 0.011 0.311 0.720 0.036 0.516 0.000 0.742 0.380 0.778 0.257 0.566 0.464 0.000 
0.743 0.000 0.002 0.000 0.000 0.000 0.336 0.000 0.721 0.108 0.525 0.000 0.746 0.324 0.797 0.425 0.675 0.159 0.000 
0.810 0.000 0.064 0.078 0.049 0.199 0.014 0.031 0.585 0.008 0.244 0.000 0.666 0.040 0.815 0.484 0.561 0.469 0.002 
0.580 0.000 0.000 0.000 0.044 0.000 0.090 0.258 0.740 0.001 0.537 0.000 0.562 0.210 0.650 0.532 0.439 0.250 0.000 
0.877 0.000 0.001 0.193 0.000 0.001 0.004 0.015 0.732 0.146 0.499 0.000 0.687 0.182 0.763 0.547 0.680 0.491 0.006 
0.815 0.000 0.055 0.381 0.000 0.000 0.006 0.300 0.632 0.003 0.474 0.000 0.767 0.388 0.792 0.470 0.368 0.258 0.000 
0.748 0.000 0.000 0.157 0.000 0.000 0.000 0.000 0.604 0.098 0.548 0.007 0.711 0.231 0.808 0.422 0.681 0.140 0.013 
0.325 0.000 0.024 0.179 0.038 0.003 0.018 0.278 0.706 0.019 0.509 0.001 0.671 0.223 0.591 0.613 0.561 0.521 0.000 
0.695 0.000 0.039 0.046 0.012 0.019 0.304 0.296 0.681 0.106 0.525 0.000 0.645 0.149 0.658 0.494 0.586 0.378 0.001 
0.773 0.000 0.015 0.177 0.000 0.000 0.009 0.297 0.703 0.108 0.482 0.000 0.749 0.268 0.801 0.496 0.670 0.094 0.000 
0.819 0.000 0.146 0.287 0.016 0.008 0.265 0.000 0.714 0.064 0.553 0.000 0.747 0.323 0.772 0.420 0.626 0.395 0.000 
0.766 0.000 0.000 0.063 0.000 0.018 0.160 0.000 0.739 0.085 0.406 0.000 0.751 0.378 0.796 0.466 0.561 0.362 0.000 
0.774 0.000 0.000 0.085 0.000 0.009 0.102 0.279 0.684 0.015 0.480 0.000 0.832 0.258 0.793 0.335 0.403 0.246 0.000 
0.499 0.000 0.000 0.000 0.000 0.003 0.321 0.000 0.704 0.089 0.462 0.000 0.755 0.294 0.709 0.549 0.654 0.170 0.000 
0.817 0.000 0.012 0.514 0.000 0.000 0.171 0.322 0.728 0.101 0.552 0.000 0.684 0.235 0.761 0.461 0.659 0.080 0.020 
0.784 0.000 0.329 0.302 0.000 0.013 0.179 0.000 0.737 0.093 0.510 0.005 0.682 0.022 0.777 0.547 0.580 0.146 0.024 
0.806 0.000 0.021 0.019 0.010 0.005 0.038 0.327 0.780 0.132 0.590 0.000 0.711 0.260 0.814 0.598 0.686 0.425 0.001 
0.828 0.000 0.011 0.071 0.000 0.000 0.233 0.325 0.758 0.035 0.581 0.000 0.696 0.179 0.777 0.575 0.703 0.405 0.000 
0.804 0.000 0.008 0.526 0.019 0.066 0.000 0.026 0.689 0.069 0.470 0.000 0.760 0.432 0.795 0.145 0.421 0.296 0.000 
0.829 0.000 0.085 0.135 0.000 0.078 0.000 0.335 0.740 0.027 0.525 0.000 0.785 0.355 0.794 0.620 0.617 0.376 0.069 
0.901 0.000 0.004 0.270 0.000 0.163 0.004 0.001 0.776 0.048 0.544 0.000 0.722 0.456 0.803 0.567 0.570 0.443 0.015 
0.687 0.000 0.000 0.004 0.142 0.010 0.213 0.000 0.773 0.084 0.531 0.000 0.550 0.240 0.766 0.496 0.675 0.442 0.006 
0.789 0.000 0.056 0.331 0.000 0.038 0.103 0.000 0.767 0.105 0.576 0.000 0.808 0.302 0.783 0.598 0.572 0.467 0.000 
0.828 0.000 0.000 0.007 0.000 0.062 0.122 0.304 0.673 0.000 0.454 0.000 0.716 0.365 0.786 0.487 0.587 0.385 0.000 
0.853 0.000 0.368 0.076 0.009 0.002 0.078 0.000 0.793 0.132 0.610 0.000 0.711 0.346 0.785 0.395 0.590 0.402 0.005 
0.872 0.000 0.000 0.268 0.003 0.009 0.154 0.000 0.748 0.093 0.529 0.000 0.777 0.215 0.816 0.552 0.697 0.377 0.005 
0.802 0.000 0.000 0.021 0.000 0.165 0.075 0.300 0.631 0.029 0.530 0.000 0.761 0.385 0.764 0.419 0.573 0.242 0.003 
0.862 0.000 0.197 0.317 0.000 0.012 0.174 0.034 0.768 0.027 0.557 0.000 0.724 0.368 0.806 0.499 0.652 0.026 0.000 
0.622 0.000 0.043 0.159 0.000 0.002 0.090 0.000 0.721 0.116 0.469 0.000 0.814 0.393 0.767 0.590 0.631 0.394 0.005 
0.827 0.000 0.024 0.000 0.000 0.110 0.119 0.000 0.775 0.114 0.576 0.000 0.674 0.325 0.784 0.448 0.683 0.287 0.009 
0.811 0.000 0.064 0.334 0.215 0.235 0.001 0.000 0.716 0.060 0.418 0.000 0.773 0.358 0.812 0.471 0.512 0.463 0.134 
0.861 0.000 0.000 0.326 0.012 0.041 0.291 0.000 0.692 0.021 0.537 0.000 0.723 0.324 0.799 0.471 0.698 0.371 0.019 
0.839 0.000 0.217 0.076 0.005 0.000 0.029 0.000 0.733 0.063 0.510 0.000 0.715 0.271 0.801 0.469 0.663 0.277 0.000 
0.851 0.000 0.098 0.000 0.109 0.145 0.037 0.000 0.689 0.128 0.465 0.000 0.631 0.136 0.794 0.510 0.525 0.341 0.037 
0.884 0.000 0.089 0.171 0.000 0.095 0.101 0.340 0.769 0.131 0.619 0.000 0.726 0.208 0.803 0.573 0.697 0.247 0.009 
0.880 0.000 0.123 0.182 0.209 0.293 0.230 0.374 0.723 0.098 0.519 0.000 0.745 0.418 0.822 0.520 0.587 0.378 0.011 
0.880 0.000 0.116 0.069 0.000 0.057 0.163 0.000 0.740 0.142 0.460 0.000 0.809 0.463 0.808 0.555 0.616 0.230 0.044 
0.650 0.000 0.000 0.049 0.001 0.008 0.431 0.000 0.708 0.154 0.552 0.000 0.718 0.364 0.794 0.579 0.578 0.173 0.000 
0.842 0.000 0.107 0.671 0.000 0.035 0.295 0.000 0.737 0.028 0.594 0.000 0.756 0.400 0.830 0.536 0.677 0.274 0.001 
0.802 0.000 0.094 0.150 0.000 0.085 0.161 0.000 0.757 0.094 0.604 0.000 0.761 0.241 0.798 0.550 0.677 0.429 0.060 
0.785 0.000 0.058 0.069 0.000 0.017 0.299 0.000 0.778 0.055 0.577 0.000 0.690 0.387 0.801 0.570 0.702 0.438 0.010 
0.796 0.000 0.058 0.025 0.000 0.015 0.300 0.336 0.762 0.030 0.597 0.000 0.620 0.407 0.795 0.499 0.688 0.429 0.030 
0.730 0.000 0.000 0.342 0.000 0.019 0.127 0.342 0.773 0.119 0.599 0.001 0.792 0.346 0.813 0.452 0.689 0.354 0.001 
0.827 0.000 0.080 0.629 0.000 0.036 0.265 0.379 0.687 0.087 0.572 0.000 0.799 0.410 0.804 0.497 0.637 0.429 0.064 
0.881 0.000 0.195 0.000 0.000 0.275 0.238 0.381 0.771 0.153 0.576 0.000 0.811 0.392 0.824 0.593 0.692 0.447 0.004 
0.765 0.000 0.029 0.039 0.000 0.050 0.387 0.361 0.781 0.073 0.607 0.000 0.760 0.364 0.815 0.628 0.602 0.533 0.072 
0.769 0.000 0.000 0.208 0.000 0.000 0.003 0.000 0.772 0.121 0.537 0.000 0.743 0.347 0.812 0.571 0.533 0.421 0.007 
0.913 0.000 0.054 0.000 0.000 0.000 0.007 0.000 0.783 0.118 0.636 0.000 0.764 0.255 0.796 0.260 0.655 0.332 0.025 
0.840 0.000 0.039 0.248 0.000 0.137 0.276 0.354 0.755 0.104 0.577 0.000 0.795 0.362 0.821 0.290 0.649 0.479 0.005 
0.786 0.001 0.072 0.003 0.107 0.056 0.000 0.000 0.793 0.158 0.551 0.000 0.766 0.409 0.783 0.454 0.495 0.404 0.063 
0.839 0.000 0.008 0.002 0.001 0.383 0.506 0.000 0.678 0.098 0.567 0.000 0.825 0.343 0.800 0.569 0.679 0.462 0.178 
0.877 0.000 0.118 0.273 0.366 0.133 0.011 0.031 0.783 0.177 0.545 0.000 0.838 0.388 0.828 0.434 0.608 0.464 0.029 
0.490 0.000 0.000 0.225 0.021 0.075 0.367 0.000 0.616 0.002 0.500 0.000 0.723 0.424 0.729 0.536 0.527 0.341 0.003 
0.887 0.000 0.341 0.000 0.000 0.199 0.123 0.038 0.762 0.146 0.608 0.000 0.798 0.237 0.704 0.507 0.426 0.406 0.025 
0.843 0.000 0.296 0.136 0.000 0.218 0.345 0.000 0.776 0.007 0.597 0.000 0.755 0.311 0.816 0.541 0.702 0.446 0.094 
0.861 0.000 0.077 0.587 0.000 0.192 0.000 0.389 0.784 0.110 0.572 0.000 0.745 0.410 0.809 0.635 0.633 0.551 0.030 
0.869 0.000 0.100 0.339 0.000 0.200 0.007 0.000 0.819 0.078 0.628 0.000 0.795 0.349 0.821 0.542 0.679 0.206 0.015 
0.752 0.000 0.189 0.552 0.000 0.136 0.013 0.000 0.795 0.121 0.626 0.000 0.823 0.519 0.799 0.496 0.672 0.537 0.041 
0.781 0.000 0.044 0.000 0.013 0.006 0.002 0.336 0.799 0.125 0.595 0.000 0.681 0.397 0.775 0.577 0.586 0.490 0.179 
0.837 0.000 0.052 0.002 0.000 0.342 0.036 0.000 0.793 0.096 0.611 0.000 0.811 0.362 0.824 0.412 0.706 0.457 0.092 
0.775 0.000 0.014 0.000 0.003 0.160 0.039 0.000 0.776 0.074 0.619 0.000 0.778 0.341 0.779 0.509 0.664 0.453 0.210 
0.775 0.000 0.085 0.078 0.000 0.220 0.207 0.360 0.622 0.118 0.572 0.000 0.768 0.345 0.813 0.650 0.664 0.401 0.156 
0.717 0.000 0.197 0.054 0.002 0.039 0.000 0.000 0.784 0.103 0.605 0.000 0.801 0.453 0.810 0.453 0.647 0.302 0.087 
0.846 0.000 0.037 0.008 0.000 0.233 0.674 0.374 0.773 0.078 0.625 0.000 0.760 0.296 0.817 0.454 0.687 0.453 0.000 
0.897 0.000 0.058 0.000 0.000 0.154 0.148 0.000 0.817 0.149 0.640 0.000 0.500 0.234 0.818 0.296 0.703 0.389 0.036 
0.901 0.000 0.016 0.383 0.103 0.081 0.254 0.000 0.756 0.207 0.633 0.000 0.828 0.449 0.805 0.563 0.666 0.150 0.002 
0.821 0.000 0.081 0.122 0.000 0.000 0.453 0.000 0.784 0.153 0.600 0.000 0.716 0.462 0.834 0.551 0.723 0.400 0.106 
0.899 0.000 0.043 0.317 0.064 0.392 0.292 0.000 0.763 0.129 0.593 0.000 0.848 0.417 0.816 0.570 0.626 0.531 0.094 
0.833 0.000 0.255 0.286 0.000 0.096 0.473 0.000 0.766 0.116 0.576 0.000 0.791 0.379 0.804 0.414 0.619 0.585 0.165 
0.920 0.000 0.092 0.269 0.000 0.259 0.526 0.421 0.793 0.175 0.638 0.000 0.823 0.350 0.776 0.609 0.684 0.516 0.150 
0.835 0.007 0.368 0.253 0.000 0.265 0.000 0.000 0.729 0.133 0.623 0.000 0.805 0.448 0.829 0.575 0.661 0.542 0.114 
0.621 0.000 0.000 0.006 0.000 0.112 0.105 0.000 0.772 0.094 0.589 0.000 0.281 0.299 0.544 0.471 0.677 0.519 0.250 
0.887 0.000 0.238 0.470 0.000 0.504 0.844 0.470 0.813 0.051 0.663 0.000 0.822 0.439 0.821 0.605 0.726 0.500 0.079 
0.829 0.000 0.238 0.253 0.007 0.281 0.409 0.000 0.784 0.113 0.609 0.000 0.803 0.375 0.831 0.509 0.692 0.551 0.088 
0.919 0.001 0.213 0.099 0.000 0.171 0.199 0.000 0.760 0.139 0.564 0.000 0.771 0.423 0.831 0.621 0.649 0.536 0.079 
0.863 0.001 0.082 0.128 0.000 0.186 0.196 0.000 0.784 0.093 0.611 0.000 0.779 0.382 0.808 0.544 0.607 0.475 0.190 
0.851 0.001 0.139 0.383 0.001 0.173 0.117 0.000 0.798 0.120 0.624 0.000 0.658 0.440 0.793 0.672 0.646 0.422 0.439 
0.861 0.018 0.243 0.214 0.000 0.495 0.594 0.000 0.807 0.135 0.614 0.000 0.799 0.404 0.827 0.519 0.656 0.422 0.403 
0.754 0.001 0.255 0.077 0.008 0.360 0.099 0.392 0.761 0.074 0.541 0.004 0.791 0.352 0.824 0.508 0.688 0.496 0.463 
0.885 0.018 0.182 0.446 0.001 0.238 0.389 0.000 0.820 0.233 0.666 0.000 0.818 0.368 0.835 0.576 0.702 0.492 0.104 
0.693 0.005 0.000 0.384 0.010 0.568 0.003 0.001 0.821 0.156 0.658 0.000 0.844 0.304 0.766 0.642 0.734 0.542 0.166 
0.886 0.000 0.000 0.299 0.000 0.229 0.320 0.000 0.790 0.145 0.600 0.000 0.790 0.320 0.768 0.456 0.647 0.494 0.187 
0.859 0.029 0.082 0.463 0.002 0.438 0.522 0.463 0.791 0.092 0.658 0.000 0.821 0.490 0.819 0.657 0.685 0.525 0.404 
0.920 0.000 0.228 0.246 0.013 0.392 0.638 0.000 0.813 0.045 0.565 0.000 0.837 0.515 0.845 0.469 0.725 0.466 0.325 
0.910 0.018 0.000 0.373 0.000 0.375 0.710 0.000 0.829 0.182 0.656 0.000 0.773 0.522 0.815 0.541 0.700 0.298 0.081 
0.883 0.000 0.222 0.115 0.008 0.262 0.439 0.000 0.804 0.121 0.631 0.000 0.803 0.502 0.831 0.625 0.672 0.521 0.233 
0.854 0.009 0.290 0.000 0.292 0.286 0.060 0.399 0.795 0.127 0.625 0.000 0.800 0.381 0.786 0.596 0.703 0.512 0.069 
0.893 0.019 0.121 0.124 0.007 0.272 0.435 0.000 0.797 0.135 0.593 0.000 0.824 0.314 0.833 0.610 0.617 0.544 0.107 
0.903 0.000 0.263 0.187 0.005 0.179 0.208 0.397 0.786 0.100 0.555 0.000 0.814 0.481 0.837 0.599 0.608 0.481 0.133 
0.830 0.000 0.295 0.042 0.071 0.429 0.168 0.000 0.813 0.144 0.621 0.000 0.770 0.293 0.831 0.567 0.680 0.519 0.151 
0.799 0.000 0.094 0.029 0.000 0.335 0.315 0.370 0.772 0.178 0.624 0.000 0.583 0.295 0.795 0.514 0.656 0.494 0.171 
0.883 0.000 0.233 0.438 0.012 0.572 0.235 0.438 0.736 0.204 0.627 0.000 0.717 0.385 0.830 0.626 0.699 0.470 0.214 
0.890 0.000 0.330 0.223 0.138 0.249 0.165 0.401 0.809 0.084 0.669 0.000 0.712 0.309 0.773 0.563 0.701 0.475 0.120 
0.875 0.000 0.091 0.105 0.008 0.443 0.336 0.407 0.691 0.142 0.582 0.000 0.719 0.300 0.733 0.637 0.635 0.558 0.470 
0.912 0.017 0.175 0.437 0.000 0.242 0.000 0.000 0.566 0.111 0.543 0.000 0.833 0.322 0.802 0.625 0.685 0.539 0.334 
0.881 0.004 0.123 0.223 0.034 0.249 0.793 0.000 0.804 0.125 0.579 0.000 0.862 0.474 0.832 0.611 0.618 0.639 0.235 
0.702 0.006 0.000 0.081 0.109 0.256 0.024 0.339 0.660 0.101 0.571 0.000 0.790 0.388 0.793 0.440 0.658 0.470 0.046 
0.792 0.007 0.063 0.374 0.019 0.057 0.430 0.000 0.783 0.084 0.593 0.000 0.720 0.426 0.827 0.645 0.712 0.543 0.029 
0.884 0.009 0.209 0.390 0.000 0.374 0.013 0.000 0.800 0.147 0.595 0.000 0.807 0.431 0.801 0.703 0.556 0.517 0.178 
0.513 0.002 0.036 0.001 0.000 0.353 0.357 0.355 0.808 0.159 0.595 0.000 0.726 0.258 0.728 0.586 0.614 0.431 0.220 
0.921 0.058 0.420 0.061 0.045 0.461 0.271 0.439 0.624 0.089 0.546 0.000 0.849 0.562 0.857 0.664 0.685 0.525 0.265 
0.891 0.000 0.072 0.425 0.152 0.295 0.360 0.425 0.726 0.055 0.606 0.000 0.820 0.424 0.831 0.619 0.695 0.582 0.101 
0.888 0.001 0.085 0.387 0.013 0.284 0.470 0.006 0.803 0.025 0.632 0.000 0.597 0.453 0.788 0.616 0.710 0.512 0.080 
0.915 0.040 0.025 0.130 0.082 0.341 0.477 0.000 0.720 0.204 0.596 0.000 0.778 0.514 0.814 0.503 0.647 0.542 0.026 
0.802 0.047 0.126 0.463 0.062 0.472 0.518 0.445 0.678 0.138 0.614 0.000 0.762 0.526 0.807 0.584 0.690 0.555 0.167 
0.769 0.018 0.219 0.177 0.150 0.381 0.887 0.000 0.837 0.141 0.691 0.002 0.825 0.361 0.834 0.658 0.746 0.447 0.122 
0.820 0.000 0.001 0.056 0.006 0.212 0.066 0.000 0.723 0.062 0.609 0.000 0.793 0.410 0.804 0.448 0.698 0.538 0.147 
0.926 0.000 0.004 0.458 0.001 0.264 0.145 0.000 0.738 0.100 0.615 0.000 0.803 0.506 0.826 0.658 0.672 0.372 0.043 
0.845 0.028 0.092 0.536 0.038 0.278 0.451 0.000 0.817 0.125 0.592 0.000 0.755 0.301 0.819 0.523 0.572 0.552 0.194 
0.871 0.021 0.399 0.020 0.213 0.218 0.614 0.000 0.827 0.195 0.639 0.000 0.800 0.297 0.807 0.568 0.683 0.513 0.088 
0.787 0.000 0.280 0.456 0.095 0.410 0.424 0.456 0.849 0.095 0.707 0.000 0.787 0.391 0.822 0.734 0.729 0.497 0.137 
0.878 0.015 0.188 0.074 0.237 0.528 0.378 0.442 0.788 0.113 0.636 0.000 0.810 0.481 0.835 0.653 0.688 0.480 0.182 
0.891 0.002 0.015 0.656 0.099 0.541 0.423 0.000 0.827 0.066 0.675 0.000 0.794 0.459 0.832 0.636 0.727 0.471 0.113 
0.827 0.005 0.401 0.267 0.046 0.541 0.173 0.000 0.833 0.110 0.690 0.000 0.857 0.447 0.848 0.608 0.743 0.525 0.155 
0.915 0.002 0.434 0.421 0.073 0.139 0.290 0.000 0.686 0.111 0.592 0.000 0.762 0.488 0.849 0.625 0.734 0.561 0.311 
0.829 0.001 0.199 0.431 0.102 0.402 0.577 0.000 0.818 0.135 0.682 0.000 0.844 0.449 0.834 0.434 0.728 0.499 0.218 
0.921 0.008 0.107 0.449 0.082 0.658 0.165 0.449 0.847 0.143 0.660 0.000 0.847 0.429 0.845 0.454 0.726 0.524 0.225 
0.934 0.004 0.169 0.351 0.299 0.281 0.658 0.000 0.729 0.134 0.552 0.000 0.870 0.548 0.862 0.647 0.677 0.550 0.206 
0.889 0.003 0.455 0.528 0.490 0.475 0.625 0.000 0.834 0.117 0.666 0.000 0.846 0.489 0.829 0.654 0.663 0.450 0.551 
0.846 0.027 0.120 0.299 0.077 0.379 0.133 0.000 0.806 0.205 0.665 0.000 0.859 0.506 0.842 0.626 0.728 0.475 0.468 
0.917 0.000 0.433 0.345 0.034 0.514 0.715 0.000 0.732 0.183 0.600 0.000 0.741 0.426 0.828 0.700 0.695 0.563 0.140 
0.880 0.050 0.258 0.470 0.037 0.548 0.929 0.000 0.720 0.110 0.576 0.000 0.874 0.543 0.853 0.628 0.724 0.560 0.170 
0.885 0.008 0.319 0.503 0.111 0.358 0.747 0.503 0.839 0.156 0.693 0.000 0.870 0.552 0.862 0.709 0.732 0.592 0.111 
0.909 0.028 0.017 0.000 0.050 0.518 0.195 0.415 0.851 0.114 0.635 0.000 0.824 0.417 0.837 0.666 0.650 0.605 0.147 
0.939 0.001 0.417 0.108 0.119 0.304 0.528 0.466 0.833 0.204 0.678 0.000 0.827 0.457 0.796 0.679 0.634 0.579 0.277 
0.938 0.000 0.362 0.718 0.054 0.612 0.706 0.508 0.756 0.160 0.649 0.000 0.830 0.375 0.850 0.665 0.725 0.616 0.125 
0.874 0.000 0.284 0.000 0.060 0.465 0.024 0.000 0.858 0.069 0.696 0.000 0.853 0.482 0.852 0.687 0.759 0.632 0.331 
0.933 0.000 0.507 0.386 0.057 0.403 0.711 0.491 0.842 0.268 0.692 0.000 0.802 0.501 0.834 0.442 0.711 0.386 0.371 
0.863 0.000 0.000 0.137 0.080 0.327 0.277 0.428 0.859 0.080 0.681 0.000 0.730 0.468 0.822 0.592 0.689 0.576 0.523 
0.856 0.011 0.342 0.000 0.121 0.466 0.525 0.000 0.843 0.169 0.693 0.000 0.673 0.468 0.816 0.633 0.688 0.516 0.200 
0.922 0.015 0.453 0.256 0.330 0.448 0.308 0.478 0.828 0.203 0.665 0.000 0.860 0.448 0.848 0.609 0.729 0.442 0.242 
0.946 0.032 0.344 0.465 0.403 0.614 0.000 0.000 0.829 0.142 0.654 0.000 0.878 0.617 0.870 0.613 0.713 0.580 0.133 
0.907 0.007 0.133 0.546 0.129 0.706 0.688 0.000 0.847 0.120 0.638 0.000 0.833 0.377 0.823 0.616 0.664 0.588 0.533 
0.926 0.004 0.002 0.303 0.396 0.633 0.685 0.000 0.821 0.172 0.641 0.000 0.871 0.463 0.849 0.641 0.733 0.571 0.471 
0.937 0.026 0.188 0.547 0.132 0.322 0.262 0.465 0.778 0.117 0.638 0.000 0.882 0.586 0.854 0.641 0.698 0.555 0.208 
0.920 0.007 0.373 0.576 0.219 0.573 0.647 0.506 0.807 0.139 0.664 0.000 0.849 0.454 0.844 0.673 0.695 0.485 0.189 
0.911 0.005 0.205 0.049 0.336 0.359 0.229 0.453 0.826 0.253 0.662 0.000 0.857 0.456 0.852 0.600 0.737 0.497 0.319 
0.895 0.014 0.041 0.731 0.274 0.549 0.718 0.000 0.802 0.159 0.662 0.000 0.865 0.515 0.850 0.666 0.732 0.543 0.158 
0.926 0.024 0.536 0.000 0.247 0.440 0.672 0.000 0.845 0.108 0.672 0.000 0.840 0.586 0.828 0.690 0.645 0.551 0.149 
0.893 0.012 0.122 0.000 0.143 0.656 0.220 0.000 0.843 0.163 0.712 0.000 0.882 0.528 0.843 0.665 0.710 0.595 0.230 
0.844 0.000 0.039 0.194 0.090 0.368 0.643 0.000 0.844 0.222 0.690 0.000 0.874 0.546 0.857 0.670 0.740 0.613 0.197 
0.908 0.000 0.132 0.575 0.248 0.460 0.138 0.000 0.821 0.082 0.662 0.000 0.846 0.562 0.848 0.588 0.702 0.591 0.194 
0.915 0.025 0.258 0.471 0.303 0.338 0.716 0.000 0.780 0.179 0.641 0.000 0.857 0.504 0.847 0.684 0.677 0.638 0.116 
0.928 0.015 0.298 0.559 0.452 0.574 0.441 0.000 0.827 0.155 0.658 0.000 0.885 0.456 0.838 0.647 0.706 0.623 0.399 
0.907 0.003 0.240 0.131 0.327 0.472 0.418 0.000 0.819 0.196 0.689 0.000 0.800 0.655 0.829 0.669 0.709 0.556 0.351 
0.854 0.055 0.011 0.362 0.293 0.211 0.180 0.448 0.854 0.127 0.683 0.004 0.876 0.544 0.826 0.716 0.694 0.559 0.208 
0.927 0.004 0.480 0.384 0.231 0.493 0.436 0.503 0.843 0.168 0.675 0.000 0.799 0.465 0.843 0.680 0.697 0.541 0.397 
0.933 0.106 0.232 0.489 0.592 0.379 0.817 0.000 0.809 0.193 0.669 0.000 0.840 0.512 0.850 0.617 0.715 0.410 0.125 
0.878 0.012 0.368 0.836 0.316 0.378 0.663 0.000 0.861 0.164 0.703 0.000 0.877 0.568 0.865 0.587 0.737 0.570 0.214 
0.884 0.047 0.316 0.446 0.040 0.347 0.660 0.476 0.839 0.132 0.643 0.000 0.826 0.462 0.846 0.744 0.724 0.569 0.049 
0.869 0.131 0.611 0.109 0.325 0.689 0.283 0.497 0.828 0.182 0.673 0.000 0.818 0.383 0.859 0.512 0.745 0.543 0.388 
0.950 0.012 0.295 0.470 0.349 0.459 0.634 0.000 0.834 0.229 0.668 0.000 0.789 0.282 0.841 0.656 0.701 0.592 0.164 
0.846 0.023 0.276 0.730 0.724 0.241 0.000 0.000 0.786 0.117 0.662 0.010 0.852 0.430 0.815 0.540 0.729 0.434 0.369 
0.889 0.033 0.000 0.026 0.277 0.667 0.684 0.000 0.823 0.184 0.615 0.000 0.899 0.471 0.845 0.638 0.714 0.554 0.210 
0.917 0.091 0.381 0.701 0.315 0.457 0.287 0.000 0.830 0.082 0.678 0.000 0.889 0.464 0.858 0.647 0.728 0.567 0.299 
0.945 0.031 0.376 0.734 0.358 0.402 0.383 0.500 0.746 0.132 0.641 0.000 0.854 0.554 0.855 0.595 0.747 0.541 0.111 
0.899 0.006 0.385 0.275 0.167 0.642 0.598 0.503 0.833 0.232 0.673 0.000 0.788 0.530 0.839 0.719 0.665 0.479 0.317 
0.944 0.021 0.318 0.411 0.089 0.460 0.000 0.000 0.858 0.114 0.703 0.000 0.881 0.473 0.835 0.667 0.728 0.602 0.502 
0.919 0.008 0.243 0.422 0.068 0.175 0.727 0.000 0.803 0.158 0.679 0.000 0.859 0.518 0.868 0.625 0.705 0.602 0.279 
0.919 0.002 0.127 0.529 0.268 0.563 0.059 0.000 0.791 0.162 0.691 0.000 0.858 0.510 0.861 0.533 0.758 0.604 0.563 
0.946 0.016 0.523 0.056 0.122 0.205 0.520 0.000 0.855 0.212 0.685 0.000 0.833 0.388 0.814 0.606 0.658 0.521 0.188 
0.886 0.007 0.458 0.456 0.269 0.419 0.665 0.000 0.883 0.215 0.730 0.000 0.827 0.534 0.861 0.708 0.735 0.524 0.224 
0.934 0.032 0.232 0.581 0.318 0.485 0.494 0.483 0.836 0.157 0.681 0.000 0.870 0.462 0.779 0.444 0.506 0.568 0.311 
0.911 0.003 0.101 0.743 0.306 0.554 0.753 0.547 0.842 0.258 0.681 0.000 0.870 0.613 0.880 0.671 0.716 0.533 0.411 
0.935 0.024 0.250 0.699 0.248 0.283 0.510 0.000 0.858 0.077 0.681 0.002 0.881 0.600 0.869 0.593 0.727 0.656 0.486 
0.923 0.103 0.425 0.185 0.276 0.417 0.395 0.496 0.845 0.169 0.699 0.000 0.863 0.532 0.873 0.718 0.753 0.619 0.129 
0.938 0.042 0.119 0.353 0.378 0.680 0.784 0.000 0.835 0.218 0.693 0.000 0.853 0.378 0.819 0.656 0.702 0.532 0.096 
0.879 0.066 0.231 0.475 0.032 0.568 0.379 0.475 0.754 0.200 0.667 0.000 0.882 0.455 0.834 0.687 0.719 0.596 0.125 
0.922 0.033 0.401 0.836 0.456 0.758 0.272 0.000 0.755 0.122 0.634 0.000 0.882 0.540 0.860 0.557 0.705 0.514 0.423 
0.914 0.011 0.350 0.189 0.144 0.605 0.485 0.494 0.845 0.134 0.661 0.000 0.811 0.572 0.878 0.680 0.755 0.587 0.268 
0.939 0.004 0.262 0.000 0.387 0.688 0.774 0.000 0.847 0.070 0.651 0.000 0.849 0.422 0.840 0.598 0.667 0.613 0.493 
0.874 0.100 0.557 0.532 0.418 0.574 0.747 0.532 0.776 0.151 0.639 0.000 0.827 0.422 0.862 0.501 0.734 0.641 0.214 
0.886 0.038 0.610 0.498 0.315 0.572 0.000 0.498 0.856 0.195 0.687 0.000 0.854 0.578 0.869 0.539 0.714 0.492 0.268 
0.939 0.011 0.297 0.930 0.465 0.330 0.000 0.000 0.846 0.188 0.699 0.000 0.836 0.437 0.854 0.482 0.713 0.585 0.340 
0.875 0.000 0.131 0.707 0.115 0.523 0.246 0.000 0.827 0.240 0.674 0.000 0.873 0.488 0.860 0.627 0.730 0.495 0.147 
0.912 0.064 0.146 0.654 0.316 0.401 0.000 0.000 0.825 0.221 0.694 0.000 0.823 0.464 0.848 0.682 0.739 0.485 0.214 
0.922 0.003 0.503 0.030 0.327 0.317 0.737 0.000 0.834 0.264 0.718 0.000 0.873 0.542 0.853 0.672 0.745 0.510 0.161 
0.950 0.016 0.227 0.154 0.370 0.345 0.575 0.489 0.867 0.331 0.704 0.001 0.889 0.551 0.852 0.689 0.710 0.481 0.082 
0.951 0.015 0.134 0.490 0.123 0.515 0.717 0.481 0.790 0.217 0.680 0.000 0.860 0.512 0.852 0.589 0.729 0.424 0.065 
0.856 0.011 0.269 0.609 0.256 0.602 0.598 0.000 0.835 0.128 0.664 0.000 0.872 0.402 0.844 0.541 0.728 0.474 0.124 
0.934 0.062 0.639 0.000 0.133 0.504 0.382 0.000 0.862 0.241 0.668 0.000 0.756 0.524 0.828 0.685 0.695 0.539 0.302 
0.932 0.120 0.550 0.561 0.275 0.439 0.837 0.000 0.862 0.182 0.693 0.000 0.830 0.569 0.838 0.649 0.652 0.570 0.360 
0.908 0.010 0.079 0.142 0.503 0.353 0.538 0.000 0.863 0.103 0.704 0.000 0.872 0.531 0.825 0.630 0.676 0.561 0.271 
0.892 0.026 0.406 0.000 0.076 0.635 0.861 0.000 0.858 0.158 0.688 0.000 0.871 0.575 0.867 0.693 0.741 0.554 0.230 
0.920 0.035 0.194 0.323 0.073 0.321 0.335 0.452 0.809 0.120 0.666 0.000 0.865 0.449 0.836 0.660 0.682 0.678 0.175 
0.916 0.004 0.029 0.459 0.040 0.303 0.711 0.000 0.860 0.063 0.694 0.000 0.884 0.576 0.875 0.705 0.756 0.571 0.278 
0.919 0.073 0.424 0.473 0.269 0.354 0.313 0.000 0.854 0.250 0.671 0.000 0.855 0.544 0.830 0.631 0.624 0.507 0.394 
0.857 0.015 0.000 0.408 0.335 0.447 0.616 0.000 0.822 0.150 0.668 0.000 0.894 0.481 0.840 0.649 0.738 0.592 0.398 
0.934 0.050 0.269 0.481 0.376 0.341 0.373 0.000 0.856 0.193 0.671 0.000 0.865 0.572 0.870 0.724 0.738 0.573 0.246 
0.936 0.071 0.283 0.911 0.181 0.663 0.479 0.562 0.836 0.321 0.685 0.000 0.891 0.563 0.863 0.664 0.682 0.660 0.421 
0.946 0.042 0.416 0.000 0.424 0.587 0.887 0.000 0.827 0.217 0.693 0.000 0.836 0.320 0.797 0.664 0.740 0.532 0.620 
0.938 0.034 0.391 0.058 0.309 0.303 0.780 0.000 0.834 0.180 0.661 0.000 0.888 0.548 0.867 0.609 0.725 0.485 0.244 
0.955 0.016 0.456 0.802 0.438 0.680 0.753 0.577 0.828 0.156 0.690 0.000 0.856 0.485 0.853 0.681 0.728 0.521 0.488 
0.826 0.021 0.152 0.512 0.197 0.645 0.963 0.523 0.796 0.255 0.660 0.000 0.843 0.530 0.840 0.708 0.656 0.633 0.182 
0.948 0.050 0.305 0.481 0.315 0.643 0.684 0.000 0.877 0.196 0.679 0.000 0.880 0.599 0.870 0.670 0.722 0.474 0.214 
0.914 0.026 0.220 0.974 0.379 0.584 0.780 0.000 0.843 0.111 0.676 0.000 0.846 0.552 0.845 0.709 0.697 0.580 0.247 
0.912 0.012 0.463 0.524 0.412 0.584 0.923 0.000 0.876 0.210 0.700 0.000 0.851 0.514 0.860 0.677 0.725 0.581 0.129 
0.919 0.079 0.244 0.248 0.284 0.673 0.864 0.514 0.838 0.249 0.704 0.000 0.898 0.506 0.850 0.554 0.722 0.444 0.181 
0.945 0.001 0.525 0.447 0.459 0.890 0.814 0.000 0.856 0.233 0.714 0.001 0.851 0.575 0.855 0.687 0.753 0.457 0.303 
0.922 0.022 0.279 0.918 0.292 0.637 0.732 0.000 0.846 0.253 0.739 0.000 0.824 0.478 0.862 0.632 0.749 0.612 0.494 
0.941 0.024 0.090 0.379 0.567 0.123 0.529 0.000 0.870 0.239 0.703 0.000 0.872 0.502 0.856 0.555 0.738 0.527 0.105 
0.952 0.026 0.163 0.000 0.256 0.380 0.756 0.489 0.877 0.201 0.711 0.000 0.907 0.533 0.848 0.466 0.721 0.646 0.364 
0.959 0.036 0.371 0.864 0.394 0.501 0.559 0.545 0.844 0.170 0.689 0.073 0.880 0.419 0.830 0.617 0.676 0.605 0.332 
0.942 0.018 0.049 0.257 0.272 0.422 0.337 0.000 0.804 0.219 0.642 0.000 0.871 0.524 0.852 0.639 0.677 0.504 0.275 
0.938 0.132 0.177 0.299 0.496 0.557 0.122 0.000 0.855 0.141 0.653 0.001 0.875 0.571 0.866 0.701 0.714 0.529 0.402 
0.907 0.058 0.236 0.885 0.082 0.409 0.430 0.000 0.854 0.236 0.714 0.000 0.847 0.571 0.865 0.683 0.716 0.526 0.348 
0.891 0.020 0.389 0.000 0.304 0.594 0.857 0.000 0.850 0.208 0.680 0.000 0.883 0.451 0.830 0.714 0.702 0.605 0.432 
0.943 0.080 0.425 0.914 0.442 0.685 0.567 0.581 0.872 0.145 0.714 0.000 0.891 0.548 0.841 0.708 0.674 0.619 0.389 
0.949 0.070 0.520 0.887 0.481 0.597 0.864 0.000 0.862 0.223 0.664 0.218 0.868 0.546 0.861 0.493 0.667 0.617 0.170 
0.933 0.010 0.381 0.292 0.149 0.682 0.937 0.000 0.856 0.231 0.717 0.000 0.874 0.556 0.867 0.755 0.750 0.641 0.171 
0.912 0.038 0.224 0.233 0.371 0.610 0.755 0.000 0.857 0.174 0.706 0.000 0.896 0.488 0.863 0.616 0.727 0.588 0.622 
0.912 0.008 0.293 0.025 0.459 0.568 0.537 0.000 0.860 0.186 0.686 0.000 0.861 0.612 0.850 0.683 0.714 0.589 0.316 
0.956 0.110 0.230 0.000 0.390 0.352 0.431 0.509 0.851 0.194 0.701 0.000 0.881 0.583 0.847 0.688 0.730 0.579 0.635 
0.939 0.030 0.561 0.000 0.198 0.460 0.431 0.000 0.880 0.273 0.727 0.000 0.897 0.629 0.861 0.708 0.731 0.656 0.408 
0.942 0.011 0.435 0.516 0.195 0.221 0.734 0.516 0.842 0.165 0.688 0.000 0.888 0.581 0.872 0.709 0.737 0.592 0.156 
0.924 0.000 0.092 0.045 0.254 0.303 0.614 0.000 0.884 0.173 0.730 0.000 0.861 0.451 0.862 0.550 0.721 0.407 0.402 
0.961 0.028 0.363 0.947 0.608 0.461 0.413 0.000 0.853 0.347 0.738 0.000 0.897 0.565 0.854 0.750 0.720 0.663 0.368 
0.950 0.082 0.535 0.471 0.272 0.486 0.890 0.000 0.846 0.164 0.708 0.000 0.836 0.442 0.835 0.691 0.744 0.523 0.425 
0.951 0.098 0.624 0.941 0.508 0.407 0.216 0.000 0.861 0.196 0.715 0.000 0.897 0.637 0.885 0.732 0.754 0.505 0.075 
0.959 0.070 0.448 0.788 0.500 0.558 0.482 0.570 0.874 0.140 0.708 0.000 0.860 0.592 0.867 0.706 0.760 0.546 0.410 
0.951 0.099 0.525 0.543 0.606 0.407 0.704 0.000 0.867 0.230 0.692 0.000 0.875 0.588 0.867 0.710 0.691 0.543 0.352 
0.870 0.115 0.125 0.475 0.113 0.430 0.705 0.514 0.898 0.269 0.741 0.000 0.840 0.562 0.844 0.712 0.704 0.608 0.236 
0.950 0.038 0.452 0.471 0.448 0.584 0.654 0.552 0.852 0.174 0.709 0.000 0.878 0.545 0.857 0.705 0.748 0.575 0.295 
0.949 0.030 0.572 0.716 0.476 0.535 0.410 0.557 0.877 0.196 0.730 0.008 0.882 0.560 0.878 0.573 0.764 0.576 0.303 
0.919 0.007 0.523 0.518 0.141 0.685 0.531 0.518 0.837 0.185 0.678 0.000 0.845 0.517 0.846 0.702 0.648 0.470 0.265 
0.912 0.054 0.259 0.328 0.308 0.710 0.663 0.000 0.844 0.087 0.680 0.000 0.856 0.491 0.860 0.671 0.708 0.526 0.258 
0.930 0.053 0.253 0.289 0.240 0.637 0.693 0.000 0.871 0.232 0.746 0.005 0.898 0.537 0.862 0.722 0.764 0.667 0.424 
0.918 0.092 0.092 0.851 0.188 0.558 0.987 0.000 0.866 0.269 0.696 0.000 0.849 0.546 0.856 0.664 0.723 0.586 0.236 
0.957 0.146 0.357 0.981 0.468 0.494 0.931 0.000 0.887 0.160 0.727 0.000 0.879 0.589 0.870 0.650 0.732 0.607 0.326 
0.877 0.105 0.469 0.019 0.232 0.558 0.868 0.000 0.872 0.234 0.695 0.000 0.853 0.494 0.843 0.758 0.706 0.533 0.110 
0.946 0.006 0.443 0.576 0.223 0.409 0.540 0.534 0.802 0.151 0.677 0.000 0.896 0.555 0.865 0.713 0.729 0.544 0.529 
0.921 0.045 0.000 0.037 0.088 0.774 0.930 0.000 0.859 0.269 0.726 0.000 0.837 0.505 0.857 0.707 0.741 0.555 0.067 
0.916 0.061 0.373 0.711 0.217 0.382 0.657 0.000 0.848 0.175 0.670 0.000 0.852 0.589 0.863 0.697 0.713 0.576 0.476 
0.931 0.018 0.131 0.538 0.381 0.351 0.757 0.538 0.854 0.151 0.709 0.006 0.902 0.558 0.863 0.582 0.762 0.572 0.616 
0.925 0.080 0.346 0.386 0.331 0.296 0.522 0.506 0.866 0.130 0.716 0.000 0.865 0.616 0.860 0.577 0.730 0.561 0.295 
0.956 0.038 0.594 0.024 0.394 0.577 0.730 0.000 0.880 0.247 0.746 0.000 0.897 0.555 0.852 0.733 0.732 0.552 0.147 
0.934 0.150 0.495 0.534 0.425 0.433 0.507 0.534 0.853 0.094 0.687 0.000 0.882 0.563 0.870 0.710 0.760 0.520 0.200 
0.944 0.054 0.508 0.542 0.388 0.689 0.954 0.000 0.870 0.201 0.721 0.000 0.853 0.497 0.873 0.667 0.750 0.570 0.210 
0.959 0.081 0.137 0.257 0.541 0.595 0.548 0.000 0.840 0.137 0.694 0.000 0.878 0.584 0.878 0.727 0.737 0.568 0.413 
0.941 0.044 0.504 0.000 0.356 0.504 0.880 0.527 0.846 0.205 0.704 0.000 0.890 0.531 0.855 0.645 0.718 0.604 0.258 
0.926 0.080 0.508 0.266 0.604 0.586 0.954 0.000 0.868 0.170 0.719 0.000 0.898 0.585 0.869 0.695 0.743 0.538 0.331 
0.912 0.081 0.224 0.114 0.395 0.720 0.876 0.532 0.878 0.158 0.738 0.000 0.855 0.512 0.870 0.562 0.774 0.580 0.329 
0.917 0.021 0.355 0.558 0.377 0.523 0.750 0.000 0.872 0.237 0.739 0.000 0.899 0.515 0.878 0.718 0.768 0.699 0.295 
0.950 0.055 0.376 0.114 0.375 0.750 0.902 0.564 0.868 0.235 0.724 0.000 0.881 0.521 0.871 0.683 0.753 0.684 0.411 
0.866 0.122 0.043 0.521 0.230 0.832 0.737 0.000 0.875 0.253 0.717 0.000 0.909 0.475 0.852 0.678 0.720 0.589 0.487 
0.914 0.027 0.269 0.156 0.478 0.447 0.900 0.000 0.874 0.301 0.711 0.000 0.867 0.594 0.857 0.619 0.743 0.614 0.193 
0.944 0.126 0.516 0.000 0.265 0.597 0.737 0.539 0.861 0.252 0.746 0.000 0.806 0.518 0.852 0.684 0.759 0.555 0.486 
0.960 0.103 0.106 0.961 0.310 0.411 0.408 0.545 0.873 0.132 0.722 0.000 0.866 0.600 0.868 0.751 0.742 0.580 0.410 
0.942 0.080 0.374 0.519 0.346 0.461 0.762 0.000 0.896 0.195 0.748 0.001 0.843 0.605 0.852 0.553 0.740 0.606 0.340 
0.940 0.142 0.083 0.007 0.308 0.630 0.669 0.000 0.867 0.124 0.726 0.000 0.872 0.505 0.851 0.610 0.717 0.630 0.258 
0.912 0.094 0.490 0.511 0.283 0.288 0.938 0.000 0.863 0.252 0.729 0.000 0.887 0.528 0.849 0.615 0.731 0.602 0.141 
0.923 0.165 0.365 0.077 0.492 0.694 0.757 0.548 0.899 0.128 0.739 0.000 0.914 0.542 0.862 0.666 0.730 0.643 0.269 
0.952 0.038 0.774 0.314 0.203 0.559 0.926 0.566 0.865 0.268 0.723 0.000 0.886 0.640 0.863 0.681 0.737 0.483 0.280 
0.945 0.009 0.678 0.334 0.309 0.743 0.932 0.000 0.882 0.256 0.732 0.000 0.826 0.562 0.860 0.613 0.754 0.538 0.492 
0.934 0.023 0.000 0.004 0.406 0.578 0.853 0.000 0.890 0.120 0.734 0.003 0.883 0.653 0.872 0.725 0.750 0.594 0.278 
0.928 0.052 0.422 0.514 0.489 0.654 0.766 0.582 0.827 0.289 0.702 0.001 0.911 0.716 0.883 0.678 0.738 0.603 0.307 
0.948 0.027 0.270 0.000 0.381 0.458 0.714 0.513 0.896 0.291 0.734 0.000 0.908 0.539 0.874 0.667 0.751 0.553 0.227 
0.962 0.178 0.616 0.879 0.589 0.454 0.918 0.000 0.866 0.078 0.713 0.000 0.881 0.611 0.875 0.658 0.722 0.609 0.223 
0.955 0.055 0.477 0.538 0.104 0.575 0.572 0.538 0.891 0.269 0.734 0.000 0.864 0.581 0.854 0.682 0.714 0.563 0.251 
0.941 0.058 0.499 0.590 0.441 0.460 0.436 0.000 0.871 0.158 0.714 0.000 0.899 0.674 0.871 0.713 0.739 0.557 0.021 
0.919 0.019 0.000 0.469 0.244 0.715 0.866 0.000 0.853 0.248 0.715 0.002 0.912 0.593 0.857 0.665 0.710 0.513 0.082 
0.936 0.092 0.567 0.017 0.298 0.606 0.406 0.523 0.860 0.287 0.729 0.000 0.887 0.647 0.873 0.723 0.773 0.544 0.170 
0.908 0.112 0.564 0.823 0.240 0.270 0.444 0.000 0.867 0.239 0.715 0.004 0.897 0.515 0.876 0.708 0.747 0.637 0.293 
0.933 0.120 0.201 0.000 0.281 0.740 0.948 0.000 0.839 0.090 0.694 0.000 0.923 0.576 0.866 0.712 0.736 0.592 0.419 
0.941 0.189 0.113 0.905 0.206 0.354 0.907 0.565 0.877 0.212 0.731 0.000 0.873 0.537 0.862 0.689 0.756 0.639 0.379 
0.945 0.069 0.210 0.141 0.322 0.306 0.651 0.000 0.886 0.155 0.723 0.000 0.907 0.556 0.868 0.610 0.738 0.525 0.426 
0.946 0.046 0.176 0.280 0.255 0.715 0.863 0.000 0.823 0.181 0.688 0.000 0.898 0.660 0.855 0.652 0.695 0.559 0.262 
0.959 0.114 0.589 0.934 0.608 0.282 0.680 0.000 0.881 0.213 0.736 0.000 0.854 0.442 0.832 0.659 0.729 0.569 0.333 
0.956 0.104 0.516 0.534 0.592 0.373 0.862 0.000 0.893 0.107 0.745 0.000 0.890 0.560 0.870 0.610 0.753 0.532 0.250 
0.965 0.044 0.140 0.262 0.296 0.623 0.584 0.000 0.822 0.161 0.675 0.002 0.898 0.506 0.849 0.667 0.699 0.531 0.258 
0.951 0.028 0.299 0.018 0.266 0.391 0.782 0.000 0.820 0.243 0.692 0.000 0.838 0.450 0.865 0.765 0.737 0.658 0.161 
0.960 0.099 0.326 0.402 0.570 0.568 0.741 0.565 0.882 0.266 0.727 0.001 0.865 0.510 0.877 0.657 0.758 0.641 0.320 
0.946 0.042 0.565 0.533 0.402 0.697 0.681 0.000 0.860 0.207 0.718 0.000 0.886 0.548 0.865 0.709 0.732 0.529 0.214 
0.935 0.053 0.383 0.538 0.519 0.533 0.965 0.000 0.884 0.182 0.760 0.000 0.861 0.589 0.858 0.622 0.748 0.632 0.163 
0.865 0.022 0.362 0.000 0.123 0.499 0.746 0.000 0.899 0.268 0.738 0.000 0.838 0.458 0.849 0.651 0.778 0.575 0.050 
0.958 0.062 0.378 0.547 0.514 0.239 0.807 0.547 0.882 0.171 0.727 0.000 0.897 0.559 0.873 0.690 0.753 0.642 0.144 
0.973 0.042 0.369 0.609 0.680 0.373 0.618 0.000 0.887 0.289 0.748 0.000 0.899 0.552 0.849 0.709 0.676 0.565 0.300 
0.912 0.006 0.550 0.458 0.439 0.647 0.210 0.000 0.868 0.120 0.718 0.000 0.878 0.557 0.855 0.706 0.709 0.557 0.244 
0.921 0.134 0.625 0.570 0.272 0.780 0.930 0.000 0.894 0.213 0.766 0.000 0.868 0.509 0.874 0.716 0.733 0.635 0.390 
0.950 0.114 0.414 0.445 0.495 0.609 0.536 0.549 0.874 0.129 0.749 0.000 0.884 0.487 0.845 0.673 0.755 0.718 0.206 
0.929 0.109 0.655 0.096 0.387 0.486 0.321 0.545 0.880 0.272 0.728 0.002 0.883 0.531 0.869 0.708 0.729 0.621 0.604 
0.965 0.005 0.146 0.532 0.474 0.431 0.985 0.532 0.823 0.111 0.673 0.000 0.893 0.588 0.868 0.548 0.732 0.570 0.228 
0.962 0.120 0.236 0.729 0.335 0.728 0.546 0.000 0.869 0.128 0.713 0.006 0.894 0.579 0.870 0.677 0.728 0.682 0.510 
0.964 0.128 0.651 0.380 0.433 0.472 0.905 0.000 0.894 0.294 0.739 0.000 0.882 0.584 0.861 0.673 0.721 0.630 0.244 
0.944 0.127 0.626 0.037 0.393 0.715 0.925 0.000 0.859 0.277 0.718 0.000 0.890 0.569 0.841 0.645 0.693 0.574 0.190 
0.956 0.200 0.504 0.161 0.483 0.474 0.368 0.530 0.867 0.148 0.719 0.001 0.885 0.574 0.858 0.744 0.726 0.632 0.238 
0.939 0.038 0.246 0.135 0.314 0.572 0.452 0.000 0.873 0.162 0.709 0.002 0.903 0.575 0.859 0.720 0.726 0.650 0.407 
0.919 0.113 0.035 0.000 0.388 0.656 0.682 0.000 0.874 0.154 0.741 0.001 0.891 0.559 0.868 0.632 0.756 0.602 0.418 
0.946 0.254 0.432 0.663 0.416 0.621 0.752 0.000 0.872 0.147 0.694 0.003 0.892 0.482 0.864 0.710 0.726 0.627 0.400 
0.955 0.105 0.000 0.447 0.426 0.307 0.005 0.000 0.876 0.202 0.731 0.000 0.901 0.572 0.853 0.557 0.716 0.679 0.166 
0.957 0.023 0.482 0.071 0.365 0.625 0.667 0.533 0.883 0.131 0.751 0.000 0.855 0.501 0.855 0.760 0.712 0.577 0.385 
0.975 0.197 0.639 0.205 0.435 0.624 0.936 0.583 0.900 0.100 0.766 0.008 0.903 0.565 0.883 0.663 0.758 0.639 0.298 
0.928 0.002 0.319 0.000 0.484 0.547 0.277 0.491 0.854 0.194 0.702 0.000 0.882 0.507 0.871 0.777 0.748 0.643 0.109 
0.941 0.021 0.473 0.908 0.508 0.525 0.181 0.000 0.872 0.170 0.741 0.002 0.887 0.609 0.852 0.689 0.686 0.577 0.584 
0.971 0.057 0.620 0.901 0.749 0.792 0.941 0.000 0.891 0.171 0.740 0.000 0.905 0.600 0.870 0.700 0.717 0.609 0.148 
0.918 0.027 0.085 0.479 0.300 0.546 0.584 0.000 0.862 0.221 0.740 0.001 0.860 0.570 0.852 0.703 0.721 0.479 0.144 
0.934 0.102 0.000 0.036 0.417 0.198 0.586 0.483 0.852 0.081 0.724 0.000 0.894 0.639 0.865 0.716 0.732 0.573 0.343 
0.915 0.116 0.083 0.906 0.214 0.779 0.752 0.573 0.882 0.231 0.740 0.000 0.902 0.539 0.875 0.693 0.733 0.643 0.308 
0.939 0.122 0.403 0.414 0.342 0.380 0.522 0.000 0.877 0.134 0.726 0.000 0.914 0.529 0.858 0.644 0.697 0.604 0.285 
0.968 0.104 0.363 0.000 0.364 0.570 0.762 0.000 0.894 0.227 0.749 0.000 0.912 0.489 0.866 0.707 0.754 0.542 0.397 
0.966 0.130 0.089 0.587 0.587 0.566 0.494 0.534 0.874 0.108 0.716 0.000 0.905 0.583 0.863 0.669 0.714 0.532 0.223 
0.965 0.200 0.520 0.929 0.579 0.650 0.902 0.000 0.877 0.160 0.736 0.000 0.884 0.570 0.867 0.640 0.771 0.566 0.188 
0.945 0.193 0.469 0.527 0.337 0.261 0.936 0.000 0.869 0.253 0.725 0.000 0.884 0.502 0.860 0.728 0.728 0.545 0.253 
0.929 0.109 0.049 0.035 0.352 0.676 0.829 0.000 0.901 0.147 0.735 0.000 0.887 0.607 0.878 0.660 0.755 0.623 0.236 
0.939 0.084 0.321 0.033 0.359 0.349 0.362 0.000 0.881 0.324 0.719 0.000 0.900 0.557 0.857 0.656 0.711 0.634 0.375 
0.913 0.007 0.453 0.000 0.375 0.682 0.672 0.541 0.898 0.245 0.757 0.003 0.894 0.582 0.872 0.661 0.752 0.641 0.333 
0.898 0.179 0.385 0.545 0.288 0.632 0.948 0.000 0.864 0.153 0.721 0.000 0.914 0.628 0.881 0.707 0.760 0.676 0.185 
0.950 0.132 0.321 0.815 0.358 0.713 0.748 0.000 0.882 0.214 0.732 0.000 0.875 0.590 0.884 0.647 0.760 0.570 0.263 
0.919 0.178 0.253 0.000 0.414 0.624 0.896 0.000 0.867 0.198 0.728 0.000 0.902 0.644 0.883 0.695 0.787 0.671 0.281 
0.916 0.050 0.349 0.536 0.404 0.592 0.811 0.000 0.850 0.265 0.710 0.000 0.875 0.571 0.864 0.710 0.747 0.674 0.266 
0.954 0.182 0.528 0.010 0.417 0.609 0.533 0.524 0.858 0.051 0.695 0.000 0.869 0.494 0.861 0.676 0.711 0.612 0.376 
0.959 0.103 0.012 0.043 0.537 0.665 0.803 0.000 0.875 0.095 0.731 0.000 0.892 0.541 0.875 0.713 0.742 0.579 0.074 
0.972 0.344 0.446 0.926 0.430 0.637 0.511 0.000 0.854 0.139 0.703 0.003 0.869 0.543 0.866 0.677 0.704 0.604 0.315 
0.974 0.045 0.408 0.830 0.766 0.246 0.031 0.538 0.877 0.298 0.742 0.001 0.875 0.518 0.869 0.697 0.767 0.526 0.219 
0.938 0.028 0.361 0.740 0.343 0.362 0.942 0.000 0.872 0.173 0.707 0.000 0.829 0.416 0.824 0.688 0.688 0.607 0.253 
0.962 0.120 0.131 0.524 0.462 0.542 0.903 0.000 0.886 0.167 0.749 0.000 0.897 0.554 0.854 0.662 0.730 0.654 0.162 
0.934 0.145 0.451 0.688 0.511 0.519 0.054 0.000 0.884 0.156 0.741 0.000 0.884 0.562 0.862 0.708 0.743 0.661 0.295 
0.958 0.119 0.492 0.619 0.420 0.561 0.942 0.000 0.874 0.091 0.712 0.000 0.877 0.607 0.873 0.692 0.737 0.580 0.345 
0.954 0.174 0.059 0.553 0.538 0.498 0.937 0.551 0.886 0.191 0.729 0.000 0.886 0.524 0.856 0.637 0.680 0.561 0.257 
0.968 0.015 0.297 0.871 0.427 0.732 0.787 0.582 0.888 0.264 0.740 0.000 0.879 0.542 0.862 0.703 0.748 0.554 0.191 
0.920 0.064 0.379 0.558 0.332 0.493 0.901 0.569 0.841 0.190 0.679 0.000 0.905 0.626 0.884 0.735 0.743 0.625 0.376 
0.954 0.009 0.683 0.453 0.535 0.433 0.840 0.582 0.885 0.295 0.729 0.000 0.892 0.616 0.876 0.639 0.749 0.529 0.367 
0.882 0.224 0.132 0.523 0.278 0.738 0.919 0.589 0.879 0.188 0.737 0.000 0.887 0.545 0.882 0.731 0.752 0.633 0.674 
0.925 0.100 0.504 0.000 0.279 0.829 0.836 0.000 0.862 0.132 0.715 0.000 0.906 0.627 0.872 0.697 0.742 0.615 0.636 
0.918 0.098 0.525 0.338 0.387 0.303 0.971 0.000 0.821 0.116 0.695 0.000 0.906 0.635 0.874 0.676 0.731 0.555 0.383 
0.941 0.230 0.401 0.705 0.413 0.468 0.723 0.571 0.849 0.150 0.702 0.001 0.920 0.634 0.861 0.650 0.713 0.573 0.354 
0.970 0.176 0.673 0.619 0.665 0.637 0.640 0.619 0.840 0.317 0.707 0.000 0.911 0.633 0.892 0.682 0.762 0.530 0.481 
0.976 0.141 0.000 0.608 0.700 0.652 0.965 0.583 0.857 0.201 0.728 0.000 0.900 0.640 0.879 0.663 0.747 0.652 0.192 
0.964 0.178 0.209 0.990 0.639 0.766 0.596 0.000 0.893 0.122 0.724 0.000 0.901 0.626 0.880 0.712 0.749 0.578 0.359 
0.942 0.123 0.042 0.686 0.491 0.464 0.574 0.531 0.880 0.159 0.726 0.001 0.892 0.602 0.861 0.676 0.726 0.509 0.198 
0.919 0.077 0.429 0.519 0.276 0.510 0.568 0.000 0.869 0.240 0.736 0.006 0.878 0.602 0.850 0.665 0.694 0.557 0.460 
0.903 0.078 0.350 0.312 0.222 0.820 0.866 0.563 0.846 0.143 0.701 0.000 0.885 0.545 0.865 0.716 0.733 0.651 0.493 
0.956 0.053 0.655 0.810 0.652 0.544 0.889 0.000 0.887 0.297 0.734 0.000 0.880 0.525 0.864 0.608 0.748 0.656 0.392 
0.945 0.044 0.660 0.621 0.480 0.383 0.823 0.000 0.889 0.120 0.738 0.005 0.889 0.636 0.875 0.682 0.741 0.529 0.230 
0.955 0.053 0.529 0.602 0.596 0.778 0.954 0.602 0.879 0.269 0.720 0.000 0.882 0.526 0.871 0.648 0.741 0.571 0.256 
0.936 0.126 0.345 0.107 0.449 0.545 0.411 0.000 0.883 0.189 0.727 0.000 0.895 0.585 0.880 0.711 0.774 0.504 0.363 
0.907 0.103 0.480 0.544 0.394 0.482 0.979 0.000 0.878 0.120 0.735 0.000 0.911 0.645 0.875 0.706 0.730 0.629 0.228 
0.909 0.087 0.548 0.530 0.238 0.606 0.839 0.000 0.892 0.195 0.753 0.001 0.875 0.540 0.867 0.688 0.739 0.613 0.158 
0.952 0.108 0.180 0.602 0.532 0.275 0.979 0.581 0.868 0.251 0.717 0.001 0.916 0.654 0.871 0.683 0.724 0.603 0.532 
0.925 0.260 0.367 0.000 0.317 0.645 0.613 0.000 0.881 0.098 0.755 0.000 0.902 0.590 0.879 0.713 0.773 0.608 0.136 
0.951 0.084 0.703 0.806 0.484 0.507 0.401 0.000 0.895 0.115 0.764 0.000 0.879 0.572 0.877 0.710 0.757 0.591 0.312 
0.959 0.231 0.577 0.620 0.706 0.477 0.879 0.620 0.885 0.103 0.748 0.000 0.923 0.600 0.879 0.691 0.751 0.627 0.508 
0.964 0.118 0.486 0.561 0.567 0.836 0.659 0.000 0.901 0.111 0.741 0.003 0.874 0.472 0.873 0.697 0.761 0.561 0.115 
0.944 0.161 0.144 0.519 0.504 0.493 0.197 0.519 0.891 0.177 0.751 0.000 0.920 0.625 0.880 0.631 0.757 0.552 0.199 
0.935 0.126 0.241 0.090 0.361 0.805 0.827 0.549 0.892 0.141 0.747 0.000 0.885 0.521 0.872 0.759 0.750 0.637 0.288 
0.942 0.087 0.246 0.000 0.420 0.411 0.927 0.000 0.903 0.406 0.761 0.000 0.897 0.693 0.867 0.697 0.702 0.588 0.067 
0.912 0.030 0.425 0.027 0.347 0.300 0.674 0.000 0.871 0.080 0.732 0.000 0.893 0.577 0.862 0.695 0.729 0.633 0.330 
0.963 0.021 0.640 0.797 0.725 0.534 0.448 0.000 0.893 0.206 0.767 0.000 0.902 0.584 0.870 0.700 0.766 0.548 0.129 
0.948 0.087 0.257 0.006 0.480 0.390 0.822 0.000 0.898 0.253 0.745 0.000 0.888 0.601 0.857 0.734 0.714 0.602 0.321 
0.923 0.119 0.412 0.339 0.355 0.590 0.730 0.000 0.905 0.222 0.753 0.000 0.894 0.556 0.868 0.741 0.754 0.568 0.321 
0.958 0.081 0.366 0.943 0.315 0.720 0.894 0.596 0.888 0.222 0.757 0.024 0.889 0.582 0.886 0.666 0.780 0.665 0.093 
0.952 0.163 0.494 0.042 0.311 0.661 0.652 0.000 0.907 0.329 0.787 0.000 0.887 0.577 0.865 0.679 0.734 0.583 0.123 
0.951 0.218 0.505 0.013 0.505 0.597 0.842 0.000 0.896 0.262 0.747 0.000 0.895 0.655 0.878 0.737 0.719 0.529 0.251 
0.957 0.089 0.165 0.943 0.609 0.731 0.818 0.000 0.865 0.232 0.731 0.000 0.905 0.580 0.866 0.667 0.722 0.542 0.213 
0.964 0.091 0.383 0.838 0.572 0.712 0.993 0.630 0.905 0.200 0.756 0.000 0.898 0.614 0.870 0.699 0.732 0.694 0.417 
0.958 0.123 0.423 0.000 0.362 0.696 0.892 0.000 0.890 0.183 0.731 0.000 0.891 0.590 0.867 0.618 0.720 0.669 0.216 
0.931 0.042 0.482 0.090 0.258 0.507 0.729 0.000 0.901 0.265 0.756 0.000 0.851 0.539 0.862 0.685 0.719 0.589 0.317 
0.897 0.082 0.243 0.000 0.280 0.511 0.731 0.515 0.862 0.121 0.718 0.005 0.899 0.547 0.860 0.724 0.740 0.654 0.394 
0.913 0.131 0.153 0.357 0.402 0.502 0.914 0.000 0.873 0.147 0.721 0.000 0.905 0.573 0.871 0.683 0.735 0.636 0.245 
0.950 0.156 0.213 0.903 0.440 0.580 0.653 0.000 0.895 0.307 0.744 0.000 0.891 0.526 0.876 0.709 0.775 0.611 0.356 
0.957 0.230 0.106 0.542 0.461 0.683 0.877 0.563 0.881 0.103 0.724 0.004 0.913 0.613 0.879 0.646 0.726 0.639 0.152 
0.955 0.047 0.849 0.090 0.411 0.544 0.786 0.578 0.885 0.361 0.770 0.001 0.898 0.593 0.863 0.673 0.701 0.605 0.362 
0.947 0.011 0.477 0.792 0.331 0.730 0.707 0.000 0.857 0.130 0.703 0.291 0.892 0.593 0.889 0.776 0.764 0.657 0.214 
0.953 0.065 0.589 0.528 0.278 0.572 0.105 0.000 0.877 0.213 0.726 0.000 0.859 0.601 0.871 0.696 0.761 0.650 0.686 
0.954 0.089 0.083 0.534 0.574 0.518 0.379 0.534 0.859 0.182 0.728 0.001 0.882 0.616 0.887 0.677 0.782 0.666 0.201 
0.914 0.105 0.477 0.858 0.219 0.555 0.736 0.000 0.891 0.314 0.743 0.000 0.903 0.643 0.887 0.673 0.757 0.596 0.180 
0.955 0.131 0.364 0.017 0.366 0.382 0.463 0.000 0.862 0.294 0.714 0.000 0.912 0.622 0.876 0.709 0.744 0.520 0.210 
0.940 0.219 0.127 0.407 0.214 0.474 0.272 0.000 0.879 0.231 0.738 0.011 0.880 0.491 0.870 0.762 0.740 0.502 0.172 
0.968 0.158 0.159 0.811 0.638 0.780 0.958 0.000 0.896 0.311 0.752 0.000 0.902 0.621 0.871 0.752 0.743 0.650 0.266 
0.944 0.041 0.312 0.880 0.393 0.797 0.969 0.609 0.874 0.151 0.730 0.004 0.896 0.618 0.867 0.702 0.728 0.707 0.343 
0.958 0.274 0.448 0.570 0.120 0.549 0.908 0.570 0.879 0.234 0.716 0.000 0.911 0.616 0.881 0.638 0.733 0.599 0.218 
0.908 0.083 0.147 0.000 0.395 0.487 0.751 0.000 0.859 0.139 0.727 0.000 0.889 0.527 0.878 0.710 0.786 0.642 0.229 
0.935 0.103 0.752 0.000 0.446 0.288 0.966 0.000 0.878 0.224 0.718 0.000 0.878 0.563 0.870 0.697 0.745 0.628 0.264 
0.951 0.072 0.116 0.124 0.435 0.636 0.826 0.000 0.882 0.121 0.728 0.001 0.842 0.523 0.873 0.702 0.743 0.617 0.310 
0.962 0.082 0.440 0.931 0.645 0.487 0.420 0.000 0.868 0.200 0.724 0.005 0.906 0.589 0.878 0.750 0.746 0.608 0.201 
0.936 0.134 0.226 0.875 0.283 0.663 0.265 0.000 0.881 0.171 0.733 0.008 0.918 0.614 0.888 0.670 0.770 0.606 0.165 
0.926 0.053 0.635 0.371 0.278 0.503 0.940 0.000 0.884 0.109 0.741 0.000 0.898 0.615 0.873 0.668 0.749 0.684 0.232 
0.948 0.299 0.505 0.000 0.579 0.237 0.982 0.556 0.894 0.174 0.742 0.001 0.891 0.541 0.869 0.757 0.747 0.631 0.203 
0.929 0.064 0.655 0.000 0.319 0.392 0.795 0.000 0.869 0.236 0.743 0.000 0.901 0.556 0.865 0.688 0.745 0.642 0.371 
0.953 0.083 0.695 0.288 0.370 0.489 0.908 0.000 0.906 0.166 0.754 0.000 0.911 0.524 0.878 0.653 0.756 0.586 0.510 
0.967 0.111 0.324 0.707 0.797 0.597 0.794 0.608 0.872 0.359 0.723 0.000 0.924 0.580 0.855 0.693 0.713 0.625 0.306 
0.963 0.108 0.400 0.000 0.595 0.824 0.825 0.000 0.877 0.060 0.719 0.000 0.892 0.550 0.858 0.749 0.715 0.583 0.164 
0.935 0.092 0.516 0.961 0.513 0.716 0.790 0.000 0.854 0.097 0.698 0.000 0.880 0.600 0.861 0.676 0.730 0.601 0.423 
0.964 0.084 0.500 0.576 0.629 0.354 0.974 0.597 0.872 0.241 0.722 0.001 0.896 0.624 0.876 0.645 0.752 0.600 0.436 
0.933 0.121 0.578 0.000 0.501 0.499 0.694 0.000 0.876 0.219 0.747 0.000 0.904 0.593 0.872 0.703 0.726 0.652 0.355 
0.943 0.207 0.557 0.607 0.466 0.654 0.885 0.607 0.866 0.215 0.734 0.000 0.863 0.556 0.866 0.752 0.755 0.600 0.404 
0.927 0.268 0.461 0.036 0.392 0.735 0.796 0.000 0.858 0.258 0.707 0.000 0.889 0.501 0.853 0.707 0.694 0.620 0.278 
0.922 0.073 0.587 0.204 0.404 0.606 0.646 0.000 0.881 0.164 0.743 0.003 0.896 0.610 0.877 0.731 0.755 0.506 0.270 
0.971 0.144 0.463 0.594 0.612 0.555 0.749 0.594 0.887 0.273 0.744 0.000 0.914 0.654 0.878 0.691 0.756 0.634 0.178 
0.947 0.008 0.238 0.000 0.608 0.513 0.144 0.000 0.868 0.218 0.728 0.000 0.861 0.581 0.864 0.706 0.719 0.574 0.232 
0.944 0.137 0.297 0.000 0.182 0.587 0.658 0.000 0.868 0.224 0.726 0.000 0.911 0.578 0.881 0.664 0.756 0.628 0.365 
0.968 0.124 0.151 0.559 0.492 0.524 0.686 0.559 0.879 0.216 0.742 0.000 0.883 0.508 0.867 0.713 0.763 0.608 0.375 
0.918 0.030 0.203 0.035 0.412 0.495 0.926 0.000 0.883 0.201 0.731 0.000 0.909 0.587 0.866 0.689 0.727 0.650 0.307 
0.978 0.254 0.622 0.809 0.516 0.463 0.879 0.000 0.889 0.209 0.751 0.000 0.890 0.607 0.856 0.653 0.713 0.511 0.457 
0.965 0.089 0.268 0.908 0.760 0.662 0.902 0.626 0.901 0.254 0.746 0.000 0.887 0.607 0.879 0.729 0.766 0.485 0.456 
0.953 0.192 0.606 0.064 0.492 0.490 0.713 0.000 0.900 0.257 0.754 0.001 0.901 0.582 0.875 0.689 0.743 0.627 0.262 
0.975 0.189 0.358 0.973 0.730 0.580 0.675 0.601 0.890 0.189 0.738 0.000 0.883 0.642 0.868 0.700 0.723 0.674 0.030 
0.930 0.101 0.349 0.233 0.363 0.404 0.804 0.000 0.892 0.100 0.727 0.000 0.899 0.611 0.877 0.740 0.749 0.574 0.421 
0.976 0.194 0.487 0.320 0.636 0.579 0.981 0.599 0.882 0.316 0.742 0.000 0.888 0.599 0.865 0.663 0.736 0.664 0.248 
0.920 0.079 0.413 0.274 0.504 0.589 0.897 0.573 0.899 0.114 0.749 0.000 0.871 0.593 0.876 0.751 0.742 0.650 0.384 
0.969 0.144 0.658 0.573 0.672 0.685 0.799 0.000 0.896 0.224 0.758 0.018 0.901 0.539 0.884 0.781 0.744 0.551 0.089 
0.954 0.210 0.675 0.788 0.541 0.442 0.826 0.000 0.892 0.214 0.757 0.000 0.873 0.548 0.860 0.709 0.734 0.473 0.227 
0.932 0.129 0.265 0.904 0.441 0.456 0.628 0.573 0.900 0.316 0.754 0.000 0.887 0.539 0.858 0.667 0.751 0.635 0.258 
0.976 0.066 0.404 0.107 0.600 0.684 0.803 0.000 0.853 0.185 0.706 0.000 0.890 0.545 0.884 0.677 0.761 0.632 0.253 
0.932 0.173 0.582 0.577 0.270 0.570 0.793 0.577 0.867 0.130 0.725 0.018 0.900 0.544 0.869 0.761 0.745 0.611 0.324 
0.951 0.184 0.618 0.606 0.422 0.583 0.900 0.606 0.895 0.262 0.759 0.005 0.904 0.586 0.875 0.704 0.736 0.638 0.279 
0.940 0.085 0.568 0.702 0.342 0.468 0.670 0.557 0.874 0.172 0.738 0.000 0.896 0.619 0.877 0.670 0.765 0.582 0.060 
0.963 0.059 0.798 0.856 0.326 0.623 0.870 0.000 0.886 0.154 0.736 0.000 0.896 0.579 0.878 0.712 0.778 0.591 0.338 
0.949 0.053 0.550 0.534 0.273 0.612 0.900 0.000 0.856 0.142 0.723 0.000 0.908 0.594 0.881 0.703 0.754 0.697 0.529 
0.958 0.447 0.552 0.459 0.325 0.621 0.589 0.000 0.903 0.316 0.767 0.000 0.887 0.588 0.870 0.639 0.759 0.607 0.323 
0.931 0.203 0.310 0.887 0.518 0.554 0.823 0.000 0.904 0.336 0.762 0.000 0.863 0.464 0.859 0.703 0.740 0.561 0.175 
0.969 0.073 0.803 0.216 0.610 0.453 0.467 0.000 0.893 0.229 0.731 0.563 0.909 0.541 0.874 0.695 0.750 0.586 0.328 
0.983 0.095 0.546 0.037 0.410 0.796 0.927 0.580 0.893 0.291 0.751 0.000 0.903 0.603 0.881 0.710 0.765 0.677 0.168 
0.949 0.342 0.183 0.193 0.373 0.618 0.624 0.000 0.901 0.257 0.748 0.000 0.913 0.637 0.876 0.698 0.714 0.609 0.479 
0.924 0.037 0.745 0.864 0.310 0.441 0.727 0.000 0.891 0.070 0.756 0.005 0.902 0.553 0.873 0.752 0.738 0.674 0.207 
0.903 0.176 0.680 0.011 0.280 0.540 0.849 0.000 0.891 0.174 0.755 0.000 0.896 0.596 0.880 0.660 0.749 0.616 0.303 
0.949 0.123 0.681 0.846 0.531 0.387 0.980 0.607 0.874 0.243 0.734 0.000 0.893 0.595 0.870 0.659 0.738 0.622 0.210 
0.952 0.088 0.407 0.000 0.559 0.444 0.925 0.000 0.892 0.250 0.734 0.005 0.889 0.588 0.881 0.696 0.747 0.597 0.158 
0.960 0.254 0.299 0.554 0.653 0.594 0.734 0.577 0.890 0.163 0.745 0.000 0.921 0.594 0.876 0.608 0.762 0.609 0.174 
0.958 0.107 0.505 0.939 0.646 0.611 0.664 0.000 0.897 0.181 0.749 0.000 0.892 0.649 0.875 0.715 0.733 0.640 0.210 
0.926 0.131 0.630 0.552 0.483 0.560 0.787 0.000 0.876 0.114 0.722 0.004 0.901 0.589 0.877 0.666 0.774 0.619 0.277 
0.943 0.150 0.221 0.665 0.324 0.634 0.694 0.000 0.876 0.173 0.734 0.049 0.906 0.585 0.866 0.588 0.739 0.669 0.562 
0.901 0.106 0.507 0.554 0.253 0.711 0.967 0.000 0.887 0.309 0.750 0.003 0.912 0.591 0.868 0.606 0.745 0.599 0.274 
0.951 0.172 0.523 0.536 0.544 0.427 0.398 0.000 0.901 0.273 0.762 0.000 0.909 0.602 0.869 0.759 0.741 0.565 0.244 
0.941 0.145 0.154 0.812 0.393 0.713 0.733 0.000 0.869 0.237 0.722 0.000 0.895 0.548 0.871 0.669 0.732 0.689 0.281 
0.949 0.095 0.280 0.510 0.363 0.529 0.523 0.000 0.873 0.091 0.739 0.000 0.888 0.531 0.869 0.706 0.735 0.622 0.386 
0.963 0.127 0.243 0.015 0.513 0.528 0.698 0.000 0.899 0.253 0.768 0.000 0.880 0.560 0.876 0.700 0.750 0.590 0.118 
0.915 0.074 0.513 0.000 0.254 0.738 0.875 0.000 0.889 0.242 0.747 0.000 0.893 0.610 0.873 0.728 0.740 0.587 0.215 
0.952 0.102 0.566 0.815 0.359 0.521 0.942 0.000 0.900 0.104 0.751 0.000 0.879 0.574 0.869 0.733 0.721 0.571 0.208 
0.940 0.170 0.291 0.673 0.569 0.740 0.677 0.000 0.903 0.165 0.775 0.000 0.906 0.624 0.878 0.679 0.776 0.634 0.226 
0.940 0.189 0.111 0.153 0.641 0.412 0.923 0.000 0.889 0.253 0.745 0.000 0.902 0.594 0.879 0.768 0.731 0.566 0.345 
0.925 0.203 0.325 0.531 0.428 0.635 0.727 0.000 0.891 0.115 0.739 0.000 0.900 0.585 0.865 0.731 0.745 0.609 0.140 
0.958 0.169 0.525 0.558 0.560 0.703 0.839 0.595 0.886 0.130 0.732 0.013 0.932 0.661 0.882 0.670 0.759 0.544 0.188 
0.953 0.150 0.653 0.045 0.486 0.730 0.697 0.000 0.896 0.276 0.743 0.050 0.900 0.646 0.876 0.613 0.738 0.660 0.523 
0.966 0.067 0.612 0.887 0.689 0.458 0.792 0.000 0.903 0.160 0.733 0.000 0.864 0.495 0.867 0.716 0.726 0.605 0.321 
0.938 0.237 0.527 0.971 0.279 0.550 0.927 0.000 0.880 0.192 0.739 0.011 0.925 0.591 0.879 0.697 0.757 0.607 0.346 
0.949 0.130 0.664 0.570 0.555 0.730 0.957 0.000 0.908 0.145 0.751 0.000 0.901 0.521 0.870 0.684 0.762 0.528 0.201 
0.959 0.123 0.366 0.000 0.520 0.685 0.954 0.000 0.885 0.190 0.743 0.003 0.893 0.593 0.883 0.710 0.780 0.703 0.136 
0.968 0.056 0.540 0.000 0.603 0.353 0.839 0.000 0.896 0.177 0.745 0.002 0.905 0.603 0.881 0.697 0.760 0.633 0.119 
0.977 0.264 0.064 0.879 0.829 0.541 0.913 0.000 0.861 0.137 0.739 0.000 0.882 0.475 0.879 0.629 0.753 0.580 0.233 
0.958 0.112 0.107 0.507 0.502 0.608 0.368 0.000 0.922 0.251 0.775 0.000 0.895 0.526 0.867 0.737 0.758 0.608 0.128 
0.966 0.101 0.418 0.890 0.676 0.664 0.254 0.588 0.859 0.238 0.733 0.000 0.895 0.596 0.879 0.752 0.779 0.615 0.274 
0.947 0.100 0.240 0.335 0.396 0.734 0.594 0.000 0.885 0.182 0.744 0.000 0.884 0.548 0.877 0.695 0.742 0.643 0.145 
0.944 0.155 0.534 0.610 0.439 0.654 0.641 0.000 0.884 0.193 0.735 0.000 0.897 0.572 0.866 0.712 0.747 0.580 0.292 
0.910 0.050 0.357 0.332 0.316 0.575 0.718 0.000 0.896 0.238 0.735 0.000 0.899 0.563 0.878 0.689 0.751 0.521 0.338 
0.941 0.190 0.460 0.538 0.319 0.586 0.601 0.000 0.907 0.151 0.746 0.000 0.907 0.603 0.885 0.756 0.763 0.609 0.264 
0.959 0.081 0.416 0.201 0.545 0.561 0.764 0.000 0.897 0.172 0.736 0.105 0.896 0.551 0.863 0.713 0.743 0.622 0.385 
0.928 0.011 0.477 0.013 0.428 0.555 0.438 0.000 0.867 0.207 0.730 0.000 0.914 0.574 0.878 0.692 0.761 0.685 0.087 
0.950 0.121 0.640 0.556 0.310 0.614 0.745 0.000 0.883 0.257 0.750 0.000 0.895 0.594 0.866 0.696 0.727 0.654 0.302 
0.964 0.030 0.277 0.584 0.717 0.573 0.808 0.584 0.884 0.203 0.719 0.001 0.858 0.542 0.864 0.614 0.721 0.673 0.471 
0.976 0.102 0.353 0.062 0.491 0.543 0.847 0.000 0.898 0.193 0.742 0.000 0.896 0.589 0.888 0.778 0.760 0.662 0.172 
0.955 0.152 0.434 0.000 0.565 0.670 0.690 0.547 0.882 0.278 0.747 0.000 0.907 0.635 0.876 0.621 0.753 0.595 0.087 
0.978 0.100 0.601 0.279 0.695 0.626 0.644 0.000 0.861 0.120 0.710 0.000 0.889 0.516 0.875 0.712 0.707 0.537 0.254 
0.977 0.110 0.457 0.369 0.583 0.423 0.775 0.554 0.884 0.143 0.723 0.000 0.918 0.645 0.868 0.714 0.722 0.545 0.124 
0.968 0.151 0.665 0.594 0.524 0.754 0.960 0.000 0.889 0.193 0.748 0.000 0.884 0.565 0.861 0.708 0.739 0.692 0.400 
0.965 0.141 0.590 0.122 0.594 0.520 0.888 0.000 0.894 0.210 0.744 0.000 0.901 0.608 0.874 0.673 0.741 0.689 0.413 
0.964 0.056 0.460 0.156 0.584 0.555 0.835 0.575 0.904 0.156 0.760 0.000 0.906 0.598 0.879 0.688 0.754 0.628 0.471 
0.946 0.046 0.176 0.155 0.268 0.683 0.907 0.000 0.889 0.117 0.731 0.000 0.897 0.535 0.867 0.736 0.737 0.566 0.048 
0.955 0.037 0.108 0.588 0.621 0.704 0.936 0.588 0.890 0.259 0.751 0.002 0.901 0.611 0.879 0.692 0.739 0.603 0.308 
0.951 0.067 0.503 0.901 0.422 0.522 0.725 0.000 0.897 0.099 0.730 0.004 0.916 0.636 0.885 0.718 0.745 0.513 0.289 
0.977 0.162 0.514 0.136 0.644 0.720 0.930 0.595 0.908 0.241 0.772 0.000 0.881 0.534 0.882 0.696 0.780 0.629 0.298 
0.911 0.373 0.331 0.430 0.186 0.528 0.845 0.573 0.879 0.200 0.738 0.000 0.907 0.546 0.877 0.685 0.756 0.671 0.455 
0.962 0.018 0.720 0.000 0.685 0.646 0.428 0.000 0.890 0.326 0.765 0.000 0.903 0.561 0.885 0.749 0.768 0.579 0.373 
0.967 0.076 0.651 0.594 0.634 0.516 0.721 0.594 0.876 0.310 0.721 0.000 0.896 0.596 0.862 0.738 0.718 0.641 0.180 
0.949 0.034 0.214 0.554 0.280 0.546 0.736 0.554 0.866 0.119 0.732 0.002 0.909 0.632 0.875 0.745 0.742 0.693 0.340 
0.963 0.142 0.086 0.601 0.418 0.458 0.670 0.553 0.894 0.171 0.749 0.000 0.897 0.581 0.868 0.727 0.721 0.621 0.385 
0.954 0.067 0.349 0.500 0.514 0.817 0.827 0.000 0.905 0.262 0.778 0.000 0.878 0.482 0.885 0.737 0.755 0.673 0.217 
0.968 0.114 0.633 0.130 0.397 0.614 0.982 0.000 0.885 0.299 0.728 0.000 0.918 0.547 0.870 0.707 0.733 0.588 0.244 
0.967 0.067 0.648 0.556 0.472 0.567 0.933 0.000 0.838 0.173 0.700 0.000 0.914 0.608 0.880 0.598 0.771 0.667 0.201 
0.966 0.318 0.456 0.554 0.612 0.469 0.700 0.000 0.900 0.127 0.744 0.000 0.929 0.634 0.889 0.727 0.760 0.543 0.207 
0.949 0.207 0.821 0.602 0.470 0.681 0.687 0.602 0.884 0.157 0.738 0.001 0.897 0.557 0.875 0.727 0.748 0.587 0.247 
0.975 0.289 0.689 0.947 0.677 0.246 0.448 0.000 0.900 0.114 0.751 0.000 0.860 0.484 0.864 0.681 0.724 0.582 0.127 
0.952 0.143 0.576 0.032 0.473 0.726 0.967 0.000 0.891 0.211 0.749 0.018 0.921 0.628 0.874 0.740 0.721 0.587 0.448 
0.916 0.083 0.529 0.738 0.300 0.894 0.824 0.000 0.892 0.232 0.735 0.003 0.896 0.593 0.881 0.660 0.741 0.606 0.262 
0.969 0.109 0.795 0.725 0.687 0.647 0.832 0.000 0.881 0.204 0.739 0.000 0.865 0.571 0.864 0.715 0.722 0.659 0.365 
0.963 0.179 0.609 0.000 0.051 0.803 0.807 0.539 0.892 0.096 0.754 0.000 0.895 0.515 0.877 0.682 0.752 0.560 0.261 
0.972 0.267 0.550 0.613 0.564 0.759 0.731 0.613 0.889 0.164 0.753 0.000 0.892 0.559 0.884 0.681 0.754 0.554 0.445 
0.948 0.120 0.568 0.680 0.528 0.586 0.613 0.000 0.886 0.167 0.739 0.001 0.897 0.627 0.883 0.724 0.758 0.613 0.522 
0.966 0.097 0.790 0.451 0.496 0.391 0.141 0.000 0.891 0.275 0.747 0.000 0.907 0.584 0.875 0.712 0.750 0.639 0.301 
0.961 0.220 0.274 0.276 0.576 0.497 0.855 0.559 0.903 0.229 0.749 0.000 0.896 0.603 0.878 0.651 0.752 0.615 0.121 
0.957 0.070 0.239 0.888 0.509 0.583 0.864 0.588 0.900 0.155 0.735 0.000 0.906 0.591 0.869 0.733 0.723 0.618 0.252 
0.953 0.122 0.209 0.566 0.557 0.833 0.895 0.000 0.886 0.263 0.738 0.000 0.903 0.555 0.875 0.801 0.726 0.626 0.251 
0.901 0.116 0.507 0.025 0.243 0.630 0.942 0.000 0.905 0.157 0.752 0.000 0.900 0.585 0.887 0.706 0.769 0.576 0.164 
0.938 0.070 0.722 0.576 0.583 0.445 0.855 0.000 0.890 0.253 0.747 0.002 0.912 0.659 0.881 0.739 0.741 0.504 0.428 
0.932 0.030 0.712 0.000 0.368 0.626 0.192 0.000 0.905 0.297 0.761 0.001 0.868 0.500 0.886 0.719 0.759 0.641 0.200 
0.960 0.091 0.363 0.147 0.563 0.366 0.762 0.000 0.895 0.241 0.749 0.000 0.924 0.591 0.864 0.660 0.738 0.667 0.314 
0.920 0.113 0.387 0.136 0.266 0.620 0.602 0.000 0.880 0.306 0.748 0.000 0.901 0.554 0.887 0.702 0.759 0.603 0.378 
0.964 0.105 0.688 0.066 0.569 0.545 0.961 0.600 0.907 0.238 0.746 0.000 0.885 0.535 0.875 0.722 0.742 0.658 0.588 
0.912 0.154 0.196 0.117 0.262 0.799 0.780 0.000 0.893 0.176 0.739 0.003 0.894 0.522 0.874 0.644 0.742 0.618 0.349 
0.969 0.170 0.608 0.016 0.595 0.732 0.963 0.000 0.888 0.189 0.735 0.000 0.906 0.633 0.867 0.660 0.720 0.676 0.416 
0.922 0.141 0.542 0.794 0.233 0.748 0.899 0.606 0.902 0.196 0.751 0.001 0.917 0.584 0.888 0.726 0.778 0.639 0.252 
0.954 0.060 0.282 0.546 0.446 0.762 0.908 0.000 0.886 0.179 0.736 0.000 0.886 0.633 0.862 0.650 0.710 0.534 0.345 
0.948 0.280 0.040 0.022 0.274 0.692 0.757 0.519 0.914 0.096 0.743 0.000 0.903 0.587 0.873 0.709 0.730 0.647 0.127 
0.947 0.221 0.187 0.944 0.535 0.365 0.674 0.581 0.908 0.222 0.760 0.006 0.892 0.626 0.871 0.744 0.752 0.597 0.206 
0.953 0.128 0.395 0.677 0.226 0.847 0.930 0.000 0.877 0.231 0.717 0.000 0.907 0.650 0.873 0.658 0.731 0.679 0.259 
0.947 0.090 0.683 0.393 0.381 0.717 0.972 0.000 0.873 0.141 0.734 0.000 0.882 0.603 0.878 0.745 0.767 0.533 0.522 
0.970 0.134 0.283 0.000 0.722 0.589 0.562 0.000 0.883 0.083 0.745 0.000 0.887 0.550 0.867 0.753 0.740 0.582 0.315 
0.942 0.152 0.086 0.494 0.385 0.511 0.334 0.000 0.892 0.190 0.729 0.000 0.886 0.610 0.870 0.752 0.743 0.572 0.231 
0.946 0.246 0.569 0.873 0.646 0.501 0.807 0.000 0.902 0.207 0.759 0.084 0.857 0.521 0.874 0.734 0.766 0.531 0.155 
0.960 0.148 0.541 0.000 0.345 0.692 0.925 0.000 0.893 0.252 0.753 0.000 0.920 0.608 0.861 0.591 0.733 0.588 0.197 
0.960 0.005 0.567 0.000 0.623 0.548 0.997 0.000 0.894 0.244 0.752 0.000 0.882 0.530 0.864 0.704 0.735 0.573 0.448 
0.969 0.138 0.086 0.571 0.677 0.447 0.909 0.571 0.893 0.165 0.755 0.000 0.865 0.597 0.880 0.722 0.764 0.635 0.210 
0.962 0.117 0.365 0.209 0.503 0.353 0.524 0.000 0.897 0.103 0.746 0.000 0.907 0.531 0.874 0.730 0.736 0.594 0.320 
0.919 0.163 0.432 0.181 0.358 0.729 0.970 0.572 0.894 0.187 0.725 0.000 0.909 0.604 0.881 0.692 0.752 0.667 0.243 
0.930 0.099 0.262 0.000 0.477 0.377 0.873 0.533 0.893 0.157 0.746 0.000 0.917 0.612 0.876 0.633 0.724 0.590 0.432 
0.965 0.397 0.173 0.189 0.502 0.683 0.878 0.000 0.896 0.162 0.744 0.000 0.935 0.704 0.885 0.730 0.752 0.667 0.295 
0.937 0.269 0.315 0.000 0.517 0.640 0.977 0.575 0.901 0.261 0.768 0.000 0.891 0.560 0.875 0.679 0.758 0.672 0.337 
0.947 0.107 0.423 0.000 0.694 0.565 0.822 0.000 0.892 0.172 0.757 0.000 0.873 0.549 0.871 0.674 0.755 0.583 0.433 
0.950 0.246 0.469 0.554 0.550 0.695 0.922 0.000 0.903 0.241 0.769 0.000 0.899 0.631 0.886 0.686 0.771 0.583 0.476 
0.910 0.182 0.396 0.006 0.137 0.442 0.661 0.000 0.900 0.111 0.741 0.000 0.892 0.552 0.881 0.731 0.785 0.665 0.153 
0.970 0.149 0.286 0.573 0.548 0.703 0.956 0.000 0.893 0.234 0.755 0.000 0.880 0.496 0.872 0.687 0.754 0.528 0.284 
0.958 0.086 0.681 0.575 0.557 0.617 0.645 0.000 0.903 0.250 0.768 0.000 0.913 0.600 0.877 0.643 0.741 0.650 0.456 
0.951 0.146 0.292 0.001 0.559 0.458 0.838 0.000 0.899 0.188 0.751 0.000 0.907 0.615 0.869 0.673 0.740 0.467 0.664 
0.959 0.198 0.608 0.545 0.534 0.508 0.910 0.000 0.912 0.130 0.748 0.000 0.876 0.523 0.867 0.638 0.724 0.540 0.139 
0.938 0.089 0.296 0.000 0.430 0.545 0.936 0.000 0.879 0.117 0.740 0.000 0.912 0.644 0.875 0.721 0.736 0.646 0.353 
0.946 0.286 0.130 0.515 0.290 0.305 0.852 0.000 0.879 0.196 0.726 0.038 0.874 0.591 0.870 0.686 0.756 0.593 0.247 
0.948 0.130 0.818 0.484 0.398 0.546 0.965 0.598 0.894 0.174 0.756 0.010 0.886 0.534 0.873 0.693 0.732 0.490 0.439 
0.951 0.062 0.161 0.115 0.405 0.500 0.968 0.543 0.876 0.248 0.743 0.000 0.921 0.634 0.877 0.707 0.756 0.599 0.250 
0.927 0.117 0.286 0.594 0.368 0.703 0.974 0.594 0.875 0.226 0.743 0.000 0.903 0.635 0.883 0.719 0.767 0.621 0.346 
0.947 0.306 0.526 0.006 0.278 0.637 0.701 0.000 0.874 0.156 0.734 0.000 0.906 0.597 0.882 0.679 0.758 0.635 0.157 
0.920 0.035 0.585 0.327 0.423 0.730 0.781 0.579 0.889 0.198 0.740 0.000 0.920 0.584 0.873 0.691 0.734 0.613 0.373 
0.945 0.151 0.350 0.036 0.331 0.743 0.736 0.000 0.886 0.146 0.739 0.001 0.892 0.527 0.866 0.708 0.725 0.589 0.434 
0.974 0.243 0.308 0.473 0.730 0.696 0.772 0.606 0.889 0.202 0.730 0.000 0.913 0.600 0.881 0.736 0.738 0.559 0.465 
0.978 0.073 0.259 0.056 0.762 0.606 0.799 0.570 0.893 0.198 0.744 0.048 0.896 0.567 0.874 0.703 0.752 0.626 0.423 
0.946 0.103 0.432 0.000 0.543 0.626 0.593 0.558 0.880 0.120 0.743 0.000 0.902 0.621 0.864 0.700 0.758 0.599 0.607 
0.925 0.138 0.253 0.663 0.189 0.346 0.927 0.000 0.891 0.155 0.744 0.000 0.907 0.618 0.881 0.739 0.770 0.660 0.163 
0.937 0.080 0.486 0.931 0.303 0.237 0.917 0.000 0.899 0.182 0.750 0.000 0.900 0.657 0.888 0.719 0.773 0.639 0.450 
0.965 0.105 0.108 0.278 0.448 0.664 0.273 0.532 0.865 0.215 0.745 0.000 0.896 0.649 0.873 0.745 0.736 0.721 0.283 
0.974 0.135 0.429 0.798 0.536 0.617 0.689 0.000 0.877 0.071 0.719 0.002 0.892 0.604 0.885 0.697 0.748 0.607 0.242 
0.961 0.146 0.619 0.165 0.526 0.557 0.871 0.000 0.883 0.170 0.733 0.000 0.895 0.599 0.866 0.766 0.739 0.643 0.369 
0.976 0.165 0.550 0.001 0.571 0.529 0.789 0.000 0.898 0.271 0.768 0.000 0.897 0.640 0.871 0.682 0.747 0.598 0.230 
0.964 0.036 0.497 0.688 0.407 0.436 0.984 0.000 0.889 0.219 0.746 0.000 0.892 0.584 0.874 0.622 0.749 0.614 0.250 
0.948 0.047 0.097 0.000 0.342 0.504 0.799 0.539 0.909 0.234 0.747 0.000 0.913 0.613 0.885 0.757 0.749 0.689 0.471 
0.922 0.111 0.392 0.000 0.381 0.615 0.789 0.000 0.864 0.129 0.729 0.000 0.887 0.551 0.874 0.702 0.736 0.598 0.179 
0.970 0.084 0.573 0.602 0.739 0.563 0.628 0.602 0.905 0.288 0.771 0.001 0.875 0.532 0.877 0.716 0.760 0.556 0.388 
0.944 0.181 0.697 0.051 0.381 0.270 0.153 0.000 0.897 0.167 0.741 0.000 0.910 0.591 0.875 0.716 0.742 0.519 0.376 
0.944 0.149 0.814 0.515 0.310 0.705 0.920 0.000 0.892 0.153 0.755 0.005 0.907 0.588 0.876 0.672 0.758 0.617 0.139 
0.965 0.273 0.203 0.000 0.269 0.529 0.780 0.000 0.882 0.113 0.727 0.000 0.890 0.610 0.866 0.617 0.742 0.557 0.091 
0.945 0.115 0.849 0.634 0.455 0.566 0.894 0.000 0.879 0.090 0.719 0.004 0.916 0.615 0.887 0.697 0.740 0.585 0.144 
0.952 0.066 0.465 0.937 0.527 0.584 0.729 0.000 0.860 0.153 0.717 0.000 0.897 0.580 0.875 0.741 0.751 0.651 0.263 
0.961 0.161 0.652 0.471 0.585 0.385 0.859 0.000 0.882 0.189 0.731 0.073 0.903 0.590 0.865 0.694 0.742 0.628 0.247 
0.918 0.236 0.620 0.748 0.228 0.522 0.776 0.000 0.896 0.320 0.744 0.000 0.898 0.559 0.867 0.722 0.736 0.617 0.235 
0.950 0.119 0.474 0.000 0.664 0.499 0.476 0.000 0.903 0.118 0.744 0.000 0.893 0.550 0.884 0.740 0.769 0.692 0.184 
0.943 0.270 0.417 0.000 0.450 0.443 0.560 0.000 0.910 0.207 0.771 0.000 0.901 0.606 0.868 0.686 0.743 0.573 0.201 
0.947 0.051 0.413 0.555 0.498 0.574 0.723 0.000 0.899 0.155 0.759 0.000 0.930 0.652 0.873 0.658 0.755 0.606 0.495 
0.944 0.082 0.376 0.000 0.468 0.573 0.865 0.000 0.899 0.274 0.768 0.000 0.887 0.569 0.866 0.701 0.743 0.618 0.281 
0.965 0.052 0.545 0.859 0.552 0.767 0.980 0.000 0.915 0.261 0.757 0.000 0.903 0.523 0.872 0.718 0.735 0.659 0.248 
0.939 0.141 0.416 0.000 0.375 0.650 0.706 0.000 0.889 0.175 0.753 0.004 0.897 0.563 0.874 0.700 0.762 0.598 0.237 
0.960 0.094 0.416 0.951 0.509 0.453 0.843 0.000 0.896 0.217 0.756 0.000 0.894 0.591 0.866 0.694 0.758 0.667 0.391 
0.922 0.112 0.540 0.529 0.333 0.412 0.725 0.000 0.900 0.127 0.741 0.005 0.883 0.599 0.867 0.696 0.731 0.613 0.313 
0.958 0.038 0.479 0.545 0.596 0.380 0.946 0.000 0.897 0.309 0.768 0.000 0.885 0.603 0.869 0.670 0.753 0.533 0.135 
0.951 0.149 0.580 0.000 0.550 0.300 0.587 0.000 0.907 0.208 0.764 0.000 0.889 0.528 0.869 0.689 0.745 0.554 0.196 
0.958 0.089 0.000 0.601 0.744 0.685 0.962 0.601 0.889 0.200 0.731 0.000 0.906 0.545 0.888 0.708 0.740 0.651 0.517 
0.947 0.106 0.155 0.000 0.660 0.797 0.797 0.000 0.896 0.246 0.752 0.009 0.915 0.610 0.874 0.691 0.737 0.620 0.060 
0.941 0.029 0.650 0.004 0.436 0.814 0.904 0.585 0.896 0.148 0.748 0.000 0.885 0.594 0.884 0.757 0.762 0.602 0.478 
0.962 0.133 0.568 0.273 0.646 0.731 0.517 0.000 0.904 0.118 0.733 0.000 0.880 0.602 0.868 0.653 0.734 0.632 0.538 
0.937 0.172 0.456 0.000 0.368 0.573 0.897 0.000 0.896 0.184 0.755 0.000 0.916 0.648 0.870 0.667 0.740 0.626 0.091 
0.949 0.034 0.441 0.240 0.411 0.405 0.470 0.521 0.885 0.237 0.742 0.001 0.877 0.593 0.889 0.688 0.767 0.571 0.186 
0.975 0.090 0.535 0.129 0.525 0.650 0.706 0.579 0.872 0.093 0.724 0.008 0.875 0.568 0.871 0.741 0.748 0.615 0.704 
0.959 0.209 0.371 0.604 0.710 0.208 0.740 0.604 0.896 0.191 0.769 0.000 0.919 0.636 0.873 0.736 0.763 0.681 0.604 
0.970 0.049 0.761 0.153 0.331 0.564 0.913 0.000 0.879 0.153 0.725 0.000 0.890 0.573 0.869 0.733 0.742 0.644 0.139 
0.934 0.036 0.593 0.678 0.390 0.442 0.838 0.000 0.887 0.181 0.738 0.000 0.901 0.509 0.867 0.614 0.730 0.616 0.216 
0.926 0.171 0.764 0.457 0.495 0.823 0.815 0.619 0.895 0.191 0.752 0.026 0.906 0.627 0.883 0.700 0.744 0.601 0.360 
0.934 0.061 0.302 0.260 0.678 0.616 0.920 0.000 0.893 0.230 0.769 0.000 0.906 0.623 0.879 0.693 0.743 0.555 0.156 
0.948 0.097 0.435 0.846 0.533 0.478 0.845 0.583 0.890 0.157 0.746 0.000 0.857 0.529 0.869 0.705 0.732 0.559 0.273 
0.957 0.017 0.567 0.222 0.453 0.689 0.874 0.000 0.893 0.153 0.736 0.000 0.903 0.648 0.872 0.679 0.736 0.628 0.314 
0.964 0.058 0.629 0.812 0.598 0.596 0.543 0.000 0.897 0.211 0.752 0.000 0.916 0.662 0.890 0.724 0.754 0.534 0.480 
0.954 0.029 0.236 0.861 0.504 0.642 0.948 0.000 0.886 0.297 0.741 0.000 0.896 0.631 0.882 0.721 0.741 0.605 0.170 
0.952 0.050 0.482 0.065 0.524 0.681 0.654 0.542 0.876 0.187 0.733 0.013 0.872 0.546 0.864 0.630 0.743 0.668 0.210 
0.965 0.122 0.317 0.880 0.647 0.551 0.645 0.000 0.881 0.248 0.741 0.000 0.894 0.591 0.874 0.721 0.727 0.564 0.308 
0.953 0.162 0.290 0.260 0.392 0.625 0.963 0.000 0.875 0.217 0.747 0.170 0.896 0.611 0.870 0.712 0.760 0.527 0.421 
0.944 0.068 0.462 0.001 0.474 0.535 0.521 0.000 0.892 0.222 0.753 0.000 0.911 0.595 0.874 0.740 0.746 0.583 0.374 
0.915 0.121 0.455 0.393 0.357 0.306 0.411 0.000 0.907 0.094 0.738 0.000 0.916 0.649 0.886 0.627 0.732 0.632 0.304 
0.956 0.407 0.354 0.898 0.482 0.690 0.961 0.000 0.894 0.216 0.755 0.000 0.913 0.584 0.869 0.746 0.716 0.547 0.423 
0.936 0.041 0.495 0.409 0.473 0.812 0.922 0.000 0.882 0.079 0.725 0.000 0.889 0.642 0.870 0.627 0.757 0.548 0.266 
0.966 0.169 0.603 0.050 0.448 0.595 0.781 0.000 0.890 0.141 0.732 0.044 0.875 0.575 0.885 0.704 0.766 0.516 0.178 
0.961 0.022 0.407 0.219 0.196 0.488 0.793 0.000 0.898 0.165 0.750 0.000 0.910 0.606 0.872 0.712 0.733 0.603 0.473 
0.947 0.065 0.505 0.410 0.414 0.699 0.573 0.000 0.891 0.232 0.732 0.000 0.899 0.589 0.859 0.667 0.711 0.643 0.315 
0.963 0.120 0.804 0.000 0.552 0.440 0.927 0.596 0.903 0.243 0.758 0.000 0.915 0.636 0.876 0.688 0.749 0.645 0.500 
0.966 0.055 0.430 0.856 0.562 0.613 0.837 0.585 0.899 0.089 0.749 0.000 0.895 0.521 0.871 0.628 0.750 0.579 0.232 
0.962 0.350 0.525 0.180 0.448 0.597 0.914 0.563 0.888 0.184 0.747 0.000 0.897 0.541 0.863 0.607 0.712 0.555 0.155 
0.948 0.024 0.487 0.430 0.520 0.640 0.933 0.000 0.891 0.199 0.733 0.000 0.890 0.588 0.859 0.660 0.703 0.648 0.158 
0.969 0.153 0.762 0.443 0.501 0.454 0.939 0.598 0.903 0.195 0.757 0.000 0.904 0.613 0.874 0.634 0.745 0.655 0.260 
0.953 0.088 0.194 0.244 0.489 0.772 0.992 0.582 0.891 0.171 0.746 0.000 0.913 0.619 0.866 0.715 0.730 0.686 0.398 
0.969 0.098 0.534 0.558 0.538 0.540 0.690 0.000 0.879 0.273 0.734 0.000 0.898 0.516 0.876 0.715 0.733 0.704 0.357 
0.957 0.169 0.422 0.654 0.416 0.526 0.930 0.575 0.888 0.142 0.745 0.011 0.892 0.534 0.860 0.568 0.734 0.638 0.271 
0.970 0.049 0.537 0.048 0.446 0.436 0.815 0.000 0.881 0.297 0.742 0.000 0.860 0.545 0.867 0.723 0.735 0.615 0.439 
0.940 0.197 0.576 0.826 0.414 0.704 0.955 0.611 0.887 0.133 0.726 0.001 0.861 0.524 0.863 0.694 0.750 0.647 0.296 
0.963 0.059 0.505 0.127 0.089 0.399 0.881 0.000 0.889 0.214 0.750 0.000 0.888 0.514 0.862 0.693 0.756 0.647 0.507 
0.948 0.082 0.140 0.271 0.375 0.600 0.868 0.000 0.896 0.117 0.745 0.000 0.914 0.643 0.877 0.729 0.753 0.602 0.235 
0.968 0.094 0.533 0.960 0.551 0.624 0.772 0.619 0.879 0.169 0.719 0.017 0.932 0.631 0.873 0.672 0.730 0.644 0.383 
0.928 0.091 0.656 0.152 0.437 0.734 0.772 0.575 0.909 0.219 0.763 0.000 0.893 0.575 0.879 0.696 0.771 0.582 0.284 
0.938 0.455 0.766 0.001 0.435 0.595 0.639 0.582 0.883 0.144 0.732 0.000 0.902 0.583 0.881 0.701 0.746 0.636 0.443 
0.974 0.055 0.654 0.893 0.628 0.708 0.874 0.000 0.867 0.320 0.720 0.001 0.895 0.584 0.870 0.678 0.727 0.671 0.338 
0.947 0.115 0.298 0.053 0.418 0.713 0.904 0.000 0.873 0.325 0.733 0.000 0.895 0.565 0.867 0.655 0.748 0.651 0.523 
0.935 0.128 0.127 0.470 0.312 0.340 0.122 0.000 0.888 0.119 0.754 0.000 0.893 0.597 0.870 0.705 0.735 0.618 0.311 
0.974 0.119 0.411 0.162 0.611 0.799 0.917 0.586 0.870 0.217 0.724 0.037 0.886 0.500 0.862 0.689 0.732 0.657 0.378 
0.945 0.211 0.659 0.552 0.466 0.484 0.746 0.000 0.887 0.191 0.735 0.000 0.891 0.611 0.881 0.683 0.733 0.523 0.241 
0.974 0.214 0.542 0.174 0.654 0.579 0.476 0.000 0.881 0.218 0.736 0.000 0.903 0.619 0.869 0.702 0.755 0.577 0.238 
0.958 0.030 0.611 0.000 0.558 0.780 0.989 0.000 0.887 0.211 0.738 0.000 0.918 0.666 0.879 0.647 0.739 0.615 0.282 
0.924 0.021 0.337 0.000 0.328 0.609 0.722 0.524 0.882 0.252 0.729 0.000 0.890 0.572 0.853 0.660 0.716 0.561 0.370 
0.942 0.091 0.612 0.020 0.296 0.580 0.532 0.000 0.891 0.363 0.758 0.000 0.903 0.580 0.885 0.750 0.767 0.624 0.115 
0.959 0.119 0.455 0.418 0.326 0.589 0.934 0.000 0.885 0.222 0.737 0.004 0.895 0.562 0.876 0.681 0.753 0.617 0.281 
0.950 0.134 0.725 0.959 0.545 0.678 0.738 0.000 0.891 0.169 0.741 0.000 0.925 0.665 0.882 0.669 0.735 0.641 0.080 
0.970 0.016 0.659 0.562 0.730 0.662 0.615 0.000 0.889 0.237 0.747 0.000 0.902 0.555 0.871 0.670 0.739 0.555 0.296 
0.940 0.224 0.535 0.904 0.426 0.581 0.840 0.000 0.912 0.194 0.763 0.000 0.843 0.493 0.871 0.729 0.741 0.557 0.416 
0.965 0.253 0.660 0.290 0.642 0.610 0.897 0.000 0.899 0.150 0.747 0.045 0.891 0.589 0.869 0.687 0.758 0.674 0.545 
0.960 0.127 0.809 0.875 0.473 0.525 0.877 0.000 0.886 0.264 0.772 0.000 0.919 0.616 0.872 0.663 0.746 0.528 0.101 
0.949 0.122 0.718 0.774 0.502 0.646 0.938 0.000 0.900 0.228 0.755 0.001 0.899 0.617 0.887 0.699 0.748 0.702 0.258 
0.937 0.109 0.470 0.098 0.378 0.674 0.840 0.571 0.899 0.179 0.756 0.000 0.900 0.602 0.873 0.683 0.754 0.659 0.459 
0.960 0.113 0.484 0.766 0.728 0.789 0.000 0.000 0.875 0.135 0.740 0.000 0.917 0.621 0.867 0.723 0.717 0.596 0.295 
0.965 0.111 0.571 0.141 0.539 0.740 0.720 0.000 0.901 0.244 0.747 0.009 0.904 0.608 0.885 0.754 0.756 0.618 0.279 
0.960 0.082 0.115 0.500 0.535 0.122 0.898 0.000 0.873 0.176 0.721 0.000 0.886 0.561 0.875 0.683 0.760 0.648 0.104 
0.962 0.148 0.605 0.415 0.669 0.578 0.588 0.000 0.902 0.284 0.758 0.000 0.909 0.654 0.865 0.677 0.706 0.740 0.228 
0.964 0.212 0.418 0.786 0.601 0.674 0.911 0.620 0.875 0.254 0.716 0.000 0.899 0.616 0.865 0.672 0.716 0.591 0.382 
0.954 0.014 0.000 0.837 0.471 0.698 0.694 0.000 0.896 0.193 0.770 0.000 0.891 0.578 0.868 0.737 0.732 0.564 0.202 
0.910 0.125 0.632 0.788 0.427 0.473 0.112 0.000 0.899 0.253 0.752 0.000 0.895 0.599 0.871 0.647 0.750 0.635 0.151 
0.973 0.020 0.468 0.578 0.748 0.671 0.742 0.000 0.881 0.162 0.747 0.000 0.916 0.611 0.883 0.732 0.756 0.685 0.414 
0.933 0.000 0.601 0.238 0.385 0.618 0.884 0.000 0.895 0.202 0.748 0.000 0.912 0.579 0.879 0.642 0.754 0.601 0.089 
0.959 0.136 0.316 0.173 0.554 0.599 0.938 0.000 0.913 0.192 0.781 0.003 0.914 0.632 0.892 0.754 0.757 0.653 0.550 
0.953 0.149 0.479 0.001 0.411 0.362 0.927 0.000 0.903 0.187 0.758 0.001 0.901 0.594 0.878 0.719 0.744 0.692 0.066 
0.939 0.245 0.322 0.000 0.530 0.632 0.869 0.573 0.887 0.226 0.761 0.000 0.890 0.569 0.854 0.679 0.728 0.698 0.492 
0.965 0.074 0.411 0.239 0.597 0.193 0.593 0.536 0.895 0.185 0.753 0.000 0.888 0.568 0.871 0.705 0.760 0.530 0.429 
0.933 0.153 0.472 0.472 0.381 0.298 0.851 0.000 0.887 0.196 0.738 0.000 0.921 0.600 0.878 0.651 0.749 0.671 0.281 
0.961 0.247 0.637 0.117 0.496 0.399 0.896 0.000 0.885 0.169 0.739 0.000 0.910 0.608 0.879 0.698 0.741 0.585 0.255 
0.969 0.076 0.220 0.151 0.393 0.331 0.825 0.000 0.863 0.184 0.711 0.000 0.899 0.620 0.879 0.699 0.739 0.605 0.347 
0.960 0.163 0.465 0.604 0.549 0.651 0.527 0.604 0.897 0.202 0.751 0.028 0.912 0.624 0.871 0.699 0.747 0.585 0.632 
0.928 0.123 0.798 0.891 0.250 0.815 0.755 0.611 0.888 0.104 0.710 0.002 0.892 0.554 0.885 0.696 0.759 0.628 0.327 
0.959 0.030 0.590 0.826 0.535 0.564 0.630 0.600 0.877 0.278 0.731 0.000 0.899 0.614 0.870 0.674 0.717 0.586 0.424 
0.964 0.102 0.676 0.256 0.479 0.222 0.774 0.554 0.886 0.202 0.748 0.000 0.893 0.605 0.881 0.758 0.766 0.592 0.161 
0.969 0.318 0.295 0.068 0.476 0.325 0.293 0.000 0.875 0.153 0.742 0.000 0.904 0.557 0.877 0.799 0.755 0.712 0.227 
0.971 0.077 0.733 0.569 0.640 0.559 0.649 0.000 0.873 0.238 0.742 0.000 0.889 0.499 0.881 0.707 0.741 0.704 0.334 
0.943 0.228 0.708 0.967 0.437 0.485 0.667 0.601 0.873 0.198 0.717 0.001 0.903 0.591 0.857 0.670 0.713 0.688 0.171 
0.930 0.177 0.523 0.650 0.546 0.567 0.747 0.590 0.893 0.216 0.749 0.000 0.877 0.558 0.880 0.729 0.767 0.628 0.175 
0.950 0.187 0.600 0.875 0.498 0.175 0.193 0.000 0.887 0.260 0.750 0.000 0.902 0.600 0.865 0.737 0.730 0.642 0.473 
0.958 0.122 0.654 0.674 0.550 0.535 0.370 0.000 0.888 0.256 0.750 0.000 0.876 0.508 0.866 0.674 0.742 0.627 0.283 
0.942 0.046 0.159 0.493 0.425 0.386 0.790 0.000 0.862 0.186 0.722 0.000 0.898 0.542 0.861 0.630 0.729 0.661 0.044 
0.955 0.230 0.258 0.489 0.459 0.509 0.798 0.564 0.886 0.278 0.753 0.000 0.917 0.581 0.863 0.732 0.731 0.686 0.037 
0.938 0.058 0.521 0.136 0.340 0.658 0.908 0.558 0.882 0.174 0.748 0.075 0.904 0.580 0.883 0.719 0.741 0.583 0.196 
0.972 0.258 0.631 0.639 0.751 0.839 0.738 0.639 0.907 0.141 0.741 0.001 0.905 0.551 0.882 0.665 0.771 0.647 0.467 
0.949 0.110 0.543 0.097 0.421 0.582 0.717 0.000 0.911 0.175 0.749 0.000 0.872 0.518 0.877 0.690 0.747 0.668 0.272 
0.973 0.102 0.198 0.048 0.190 0.652 0.970 0.000 0.910 0.211 0.777 0.018 0.894 0.581 0.866 0.722 0.740 0.494 0.585 
0.931 0.012 0.593 0.052 0.433 0.478 0.908 0.549 0.897 0.191 0.735 0.000 0.888 0.588 0.871 0.678 0.738 0.728 0.165 
0.929 0.089 0.520 0.000 0.267 0.816 0.616 0.000 0.896 0.196 0.736 0.000 0.875 0.569 0.863 0.723 0.713 0.614 0.075 
0.974 0.035 0.430 0.142 0.600 0.750 0.588 0.000 0.879 0.317 0.733 0.000 0.900 0.609 0.867 0.587 0.734 0.639 0.410 
0.930 0.014 0.705 0.386 0.291 0.427 0.592 0.000 0.871 0.150 0.733 0.000 0.900 0.525 0.872 0.713 0.736 0.620 0.311 
0.964 0.035 0.463 0.071 0.440 0.354 0.478 0.517 0.894 0.207 0.739 0.000 0.905 0.595 0.871 0.640 0.746 0.653 0.255 
0.956 0.202 0.659 0.000 0.686 0.443 0.832 0.570 0.902 0.281 0.768 0.000 0.875 0.559 0.871 0.663 0.771 0.593 0.205 
0.976 0.443 0.520 0.576 0.680 0.546 0.632 0.000 0.915 0.201 0.753 0.000 0.893 0.617 0.886 0.773 0.736 0.590 0.210 
0.936 0.122 0.439 0.157 0.277 0.534 0.568 0.000 0.895 0.231 0.750 0.033 0.895 0.570 0.861 0.728 0.721 0.648 0.341 
0.947 0.121 0.554 0.841 0.569 0.712 0.925 0.000 0.887 0.204 0.724 0.000 0.903 0.579 0.883 0.713 0.747 0.625 0.332 
0.963 0.071 0.692 0.666 0.276 0.653 0.936 0.588 0.883 0.152 0.736 0.000 0.894 0.548 0.872 0.717 0.737 0.652 0.134 
0.957 0.073 0.421 0.147 0.506 0.722 0.942 0.592 0.894 0.261 0.735 0.000 0.888 0.552 0.884 0.708 0.737 0.643 0.580 
0.952 0.198 0.190 0.933 0.445 0.424 0.120 0.549 0.898 0.174 0.739 0.000 0.903 0.601 0.869 0.766 0.726 0.619 0.325 
0.945 0.247 0.599 0.793 0.435 0.810 0.856 0.614 0.895 0.163 0.755 0.000 0.890 0.590 0.882 0.706 0.762 0.575 0.145 
0.964 0.023 0.455 0.758 0.497 0.566 0.814 0.000 0.899 0.072 0.756 0.016 0.895 0.516 0.878 0.668 0.768 0.665 0.163 
0.973 0.107 0.487 0.886 0.550 0.669 0.844 0.000 0.900 0.340 0.750 0.058 0.904 0.573 0.873 0.737 0.733 0.613 0.524 
0.935 0.271 0.740 0.660 0.444 0.436 0.788 0.000 0.900 0.189 0.750 0.003 0.861 0.537 0.869 0.694 0.744 0.624 0.245 
0.972 0.338 0.494 0.909 0.757 0.694 0.923 0.000 0.874 0.207 0.756 0.000 0.886 0.539 0.877 0.672 0.767 0.628 0.173 
0.957 0.132 0.591 0.872 0.631 0.521 0.921 0.613 0.892 0.184 0.741 0.000 0.907 0.607 0.871 0.727 0.722 0.595 0.166 
0.966 0.049 0.617 0.120 0.657 0.660 0.854 0.588 0.872 0.249 0.750 0.000 0.912 0.563 0.879 0.736 0.772 0.601 0.329 
0.944 0.098 0.372 0.957 0.429 0.588 0.306 0.000 0.904 0.101 0.758 0.000 0.893 0.570 0.867 0.736 0.724 0.614 0.117 
0.954 0.064 0.592 0.889 0.597 0.492 0.948 0.000 0.878 0.153 0.728 0.024 0.904 0.592 0.877 0.710 0.733 0.662 0.459 
0.960 0.070 0.584 0.876 0.304 0.808 0.564 0.000 0.882 0.243 0.744 0.000 0.875 0.547 0.863 0.683 0.742 0.597 0.228 
0.959 0.088 0.641 0.000 0.799 0.580 0.571 0.583 0.911 0.317 0.767 0.073 0.881 0.563 0.867 0.669 0.733 0.692 0.371 
0.981 0.229 0.719 0.364 0.719 0.574 0.792 0.000 0.911 0.226 0.771 0.003 0.918 0.591 0.879 0.694 0.754 0.723 0.265 
0.913 0.271 0.394 0.937 0.217 0.619 0.407 0.000 0.880 0.218 0.745 0.000 0.900 0.629 0.869 0.697 0.744 0.602 0.317 
0.954 0.016 0.465 0.932 0.557 0.478 0.884 0.000 0.893 0.185 0.749 0.083 0.916 0.660 0.884 0.742 0.757 0.647 0.216 
0.945 0.186 0.600 0.053 0.363 0.485 0.753 0.553 0.882 0.217 0.747 0.000 0.897 0.556 0.872 0.748 0.725 0.506 0.419 
0.930 0.175 0.454 0.552 0.402 0.529 0.848 0.000 0.884 0.157 0.732 0.000 0.922 0.636 0.876 0.719 0.720 0.612 0.344 
0.951 0.125 0.157 0.881 0.677 0.773 0.711 0.613 0.888 0.209 0.750 0.000 0.901 0.593 0.875 0.720 0.737 0.667 0.424 
0.956 0.216 0.001 0.728 0.625 0.596 0.610 0.560 0.880 0.146 0.737 0.000 0.895 0.558 0.863 0.655 0.745 0.576 0.301 
0.963 0.163 0.369 0.618 0.679 0.532 0.531 0.000 0.895 0.151 0.753 0.000 0.900 0.659 0.880 0.729 0.746 0.628 0.333 
0.964 0.037 0.504 0.879 0.766 0.509 0.922 0.000 0.890 0.152 0.740 0.000 0.900 0.601 0.875 0.703 0.746 0.664 0.540 
0.946 0.018 0.566 0.782 0.404 0.598 0.903 0.000 0.888 0.147 0.739 0.000 0.897 0.607 0.866 0.697 0.728 0.629 0.190 
0.959 0.276 0.208 0.578 0.553 0.550 0.811 0.578 0.897 0.255 0.757 0.000 0.890 0.537 0.865 0.651 0.736 0.627 0.260 
0.926 0.258 0.259 0.545 0.420 0.683 0.671 0.000 0.884 0.222 0.741 0.000 0.882 0.561 0.861 0.711 0.735 0.548 0.221 
0.965 0.199 0.292 0.014 0.198 0.713 0.738 0.522 0.889 0.222 0.752 0.000 0.902 0.570 0.868 0.706 0.723 0.572 0.074 
0.970 0.201 0.151 0.213 0.340 0.536 0.645 0.000 0.895 0.112 0.751 0.000 0.917 0.566 0.876 0.677 0.763 0.575 0.324 
0.922 0.060 0.585 0.475 0.184 0.895 0.902 0.000 0.890 0.212 0.748 0.000 0.911 0.570 0.880 0.689 0.768 0.646 0.146 
0.926 0.110 0.404 0.898 0.277 0.709 0.837 0.000 0.901 0.196 0.746 0.000 0.900 0.633 0.877 0.648 0.750 0.594 0.152 
0.962 0.173 0.513 0.031 0.593 0.477 0.722 0.000 0.905 0.165 0.768 0.000 0.925 0.586 0.872 0.709 0.735 0.607 0.386 
0.974 0.149 0.698 0.000 0.792 0.686 0.753 0.000 0.912 0.171 0.762 0.000 0.885 0.589 0.875 0.676 0.765 0.559 0.415 
0.965 0.218 0.073 0.955 0.689 0.570 0.934 0.607 0.901 0.176 0.745 0.000 0.902 0.584 0.865 0.685 0.703 0.572 0.385 
0.937 0.137 0.447 0.001 0.196 0.500 0.726 0.527 0.883 0.288 0.751 0.001 0.895 0.606 0.876 0.701 0.758 0.606 0.181 
0.962 0.161 0.578 0.082 0.597 0.699 0.403 0.000 0.897 0.195 0.766 0.000 0.903 0.581 0.883 0.691 0.760 0.656 0.681 
0.953 0.143 0.695 0.011 0.304 0.380 0.625 0.538 0.886 0.215 0.746 0.001 0.892 0.567 0.879 0.715 0.769 0.613 0.293 
0.976 0.132 0.442 0.621 0.910 0.476 0.960 0.621 0.905 0.310 0.759 0.006 0.881 0.607 0.873 0.733 0.744 0.639 0.208 
0.974 0.317 0.170 0.464 0.644 0.618 0.848 0.000 0.910 0.222 0.764 0.039 0.905 0.590 0.871 0.707 0.737 0.597 0.378 
0.971 0.242 0.367 0.360 0.444 0.554 0.891 0.000 0.891 0.209 0.757 0.004 0.909 0.550 0.871 0.692 0.756 0.587 0.441 
0.955 0.082 0.710 0.961 0.647 0.465 0.812 0.000 0.874 0.067 0.719 0.000 0.920 0.674 0.879 0.733 0.748 0.593 0.233 
0.952 0.227 0.572 0.874 0.643 0.671 0.441 0.000 0.886 0.264 0.734 0.000 0.874 0.550 0.861 0.644 0.718 0.637 0.126 
0.948 0.172 0.554 0.089 0.519 0.458 0.588 0.000 0.900 0.173 0.747 0.000 0.890 0.555 0.873 0.746 0.746 0.612 0.322 
0.944 0.115 0.469 0.895 0.414 0.569 0.950 0.000 0.907 0.164 0.729 0.000 0.898 0.626 0.870 0.698 0.717 0.667 0.184 
0.949 0.033 0.617 0.889 0.407 0.623 0.481 0.000 0.900 0.170 0.757 0.000 0.884 0.549 0.881 0.650 0.765 0.621 0.257 
0.899 0.375 0.582 0.816 0.120 0.474 0.585 0.000 0.867 0.200 0.723 0.002 0.904 0.558 0.870 0.739 0.730 0.605 0.186 
0.947 0.172 0.151 0.374 0.467 0.310 0.702 0.000 0.894 0.128 0.764 0.000 0.917 0.610 0.885 0.711 0.755 0.560 0.306 
0.959 0.071 0.671 0.268 0.321 0.403 0.496 0.000 0.884 0.158 0.726 0.000 0.912 0.651 0.873 0.735 0.748 0.561 0.297 
0.957 0.032 0.377 0.854 0.515 0.276 0.878 0.000 0.907 0.173 0.769 0.000 0.868 0.550 0.875 0.725 0.759 0.687 0.473 
0.956 0.231 0.685 0.169 0.703 0.501 0.655 0.000 0.883 0.273 0.737 0.000 0.906 0.591 0.874 0.657 0.734 0.651 0.115 
0.957 0.128 0.621 0.540 0.620 0.331 0.628 0.000 0.883 0.234 0.755 0.016 0.891 0.587 0.866 0.682 0.732 0.621 0.165 
0.950 0.191 0.058 0.358 0.360 0.684 0.785 0.000 0.886 0.232 0.746 0.002 0.900 0.600 0.874 0.743 0.735 0.570 0.298 
0.920 0.358 0.175 0.509 0.228 0.569 0.423 0.000 0.890 0.219 0.726 0.004 0.912 0.626 0.885 0.686 0.767 0.563 0.205 
0.961 0.049 0.410 0.724 0.615 0.402 0.646 0.000 0.873 0.264 0.735 0.000 0.890 0.569 0.874 0.648 0.734 0.628 0.249 
0.949 0.047 0.381 0.607 0.345 0.479 0.707 0.000 0.897 0.184 0.738 0.001 0.914 0.555 0.883 0.683 0.742 0.611 0.352 
0.954 0.093 0.680 0.436 0.502 0.529 0.826 0.000 0.899 0.231 0.769 0.000 0.905 0.576 0.870 0.715 0.751 0.632 0.581 
0.975 0.155 0.523 0.559 0.722 0.666 0.922 0.629 0.885 0.190 0.759 0.005 0.896 0.575 0.879 0.774 0.777 0.658 0.405 
0.967 0.264 0.564 0.297 0.509 0.665 0.852 0.000 0.909 0.166 0.758 0.000 0.881 0.588 0.865 0.681 0.740 0.584 0.281 
0.960 0.129 0.560 0.000 0.688 0.675 0.881 0.570 0.881 0.224 0.746 0.001 0.893 0.566 0.869 0.641 0.747 0.618 0.184 
0.968 0.065 0.452 0.610 0.502 0.636 0.905 0.590 0.876 0.159 0.743 0.000 0.887 0.587 0.870 0.772 0.760 0.550 0.285 
0.951 0.133 0.484 0.885 0.402 0.406 0.519 0.581 0.893 0.127 0.761 0.000 0.894 0.583 0.891 0.754 0.769 0.679 0.335 
0.978 0.159 0.331 0.860 0.602 0.651 0.506 0.582 0.893 0.233 0.739 0.000 0.896 0.582 0.879 0.624 0.733 0.585 0.219 
0.926 0.204 0.000 0.523 0.312 0.297 0.289 0.000 0.888 0.353 0.754 0.000 0.904 0.607 0.874 0.705 0.726 0.601 0.161 
0.955 0.265 0.145 0.568 0.521 0.736 0.617 0.568 0.873 0.178 0.738 0.000 0.922 0.573 0.877 0.651 0.750 0.647 0.204 
0.968 0.120 0.368 0.364 0.537 0.571 0.936 0.000 0.901 0.291 0.750 0.000 0.892 0.583 0.880 0.719 0.753 0.635 0.198 
0.960 0.167 0.507 0.755 0.197 0.616 0.816 0.000 0.897 0.210 0.753 0.000 0.898 0.577 0.879 0.699 0.765 0.567 0.306 
0.942 0.133 0.515 0.000 0.117 0.565 0.464 0.000 0.912 0.199 0.766 0.000 0.890 0.545 0.874 0.737 0.751 0.554 0.461 
0.971 0.151 0.399 0.182 0.563 0.864 0.801 0.000 0.881 0.257 0.737 0.000 0.918 0.636 0.882 0.723 0.749 0.663 0.399 
0.959 0.198 0.378 0.293 0.557 0.807 0.710 0.000 0.882 0.217 0.734 0.010 0.907 0.551 0.882 0.751 0.762 0.590 0.097 
0.939 0.110 0.809 0.195 0.405 0.534 0.383 0.000 0.894 0.218 0.743 0.000 0.902 0.580 0.875 0.722 0.751 0.636 0.372 
0.964 0.174 0.445 0.490 0.567 0.668 0.868 0.000 0.890 0.252 0.753 0.000 0.902 0.580 0.879 0.694 0.750 0.545 0.207 
0.935 0.239 0.270 0.061 0.309 0.541 0.883 0.549 0.900 0.368 0.770 0.000 0.909 0.551 0.871 0.750 0.764 0.612 0.149 
0.972 0.069 0.541 0.507 0.727 0.330 0.486 0.000 0.892 0.299 0.732 0.000 0.894 0.612 0.872 0.743 0.726 0.624 0.079 
0.962 0.080 0.336 0.720 0.573 0.832 0.848 0.000 0.911 0.216 0.765 0.000 0.866 0.527 0.857 0.716 0.747 0.523 0.248 
0.954 0.022 0.422 0.571 0.538 0.615 0.824 0.000 0.890 0.319 0.733 0.000 0.907 0.586 0.874 0.717 0.744 0.575 0.184 
0.926 0.040 0.436 0.000 0.506 0.719 0.955 0.000 0.871 0.184 0.725 0.000 0.878 0.554 0.870 0.703 0.742 0.649 0.485 
0.955 0.111 0.146 0.977 0.468 0.499 0.665 0.000 0.886 0.118 0.734 0.000 0.876 0.576 0.874 0.633 0.735 0.624 0.389 
0.958 0.218 0.429 0.383 0.607 0.412 0.481 0.550 0.885 0.132 0.735 0.000 0.900 0.558 0.875 0.726 0.756 0.620 0.224 
0.932 0.103 0.662 0.000 0.482 0.667 0.839 0.000 0.907 0.274 0.757 0.046 0.893 0.609 0.878 0.660 0.748 0.647 0.176 
0.958 0.198 0.418 0.052 0.484 0.331 0.970 0.556 0.875 0.209 0.731 0.000 0.903 0.594 0.869 0.700 0.720 0.612 0.388 
0.958 0.075 0.313 0.506 0.574 0.622 0.852 0.000 0.868 0.198 0.733 0.000 0.926 0.636 0.882 0.689 0.741 0.680 0.178 
0.953 0.196 0.664 0.199 0.496 0.811 0.869 0.000 0.901 0.290 0.768 0.000 0.895 0.642 0.873 0.663 0.749 0.545 0.451 
0.967 0.114 0.333 0.839 0.617 0.671 0.340 0.000 0.896 0.218 0.751 0.000 0.873 0.544 0.881 0.717 0.747 0.682 0.382 
0.974 0.262 0.260 0.693 0.646 0.454 0.457 0.000 0.885 0.104 0.749 0.056 0.912 0.602 0.860 0.673 0.735 0.707 0.289 
0.950 0.141 0.277 0.581 0.455 0.427 0.918 0.000 0.899 0.181 0.752 0.000 0.875 0.518 0.875 0.706 0.740 0.621 0.416 
0.953 0.104 0.348 0.039 0.463 0.444 0.901 0.000 0.899 0.124 0.748 0.000 0.906 0.577 0.870 0.639 0.738 0.589 0.215 
0.955 0.070 0.556 0.896 0.414 0.490 0.659 0.000 0.898 0.286 0.766 0.114 0.911 0.624 0.870 0.682 0.747 0.575 0.146 
0.949 0.253 0.660 0.941 0.473 0.438 0.634 0.599 0.888 0.180 0.746 0.000 0.890 0.581 0.877 0.782 0.732 0.632 0.133 
0.966 0.218 0.238 0.757 0.640 0.336 0.805 0.000 0.902 0.181 0.760 0.000 0.915 0.592 0.876 0.719 0.741 0.610 0.298 
0.966 0.185 0.244 0.767 0.481 0.687 0.966 0.000 0.900 0.278 0.753 0.000 0.891 0.566 0.862 0.710 0.745 0.640 0.159 
0.957 0.087 0.535 0.661 0.557 0.548 0.823 0.000 0.877 0.121 0.736 0.000 0.868 0.483 0.876 0.704 0.739 0.562 0.206 
0.970 0.013 0.347 0.560 0.659 0.581 0.960 0.000 0.884 0.146 0.749 0.000 0.905 0.615 0.875 0.673 0.757 0.629 0.318 
0.965 0.216 0.661 0.966 0.182 0.671 0.706 0.610 0.889 0.164 0.740 0.001 0.885 0.571 0.863 0.707 0.714 0.675 0.407 
0.966 0.211 0.667 0.442 0.701 0.655 0.607 0.613 0.901 0.184 0.756 0.000 0.911 0.645 0.888 0.685 0.772 0.670 0.375 
0.964 0.114 0.686 0.053 0.601 0.724 0.479 0.000 0.899 0.226 0.761 0.000 0.867 0.510 0.861 0.653 0.742 0.624 0.152 
