0.315 0.000 0.000 0.000 0.000 0.000 0.000 0.000 0.596 0.000 0.259 0.000 0.578 0.027 0.752 0.013 0.171 0.176 0.000 
0.573 0.000 0.000 0.000 0.000 0.000 0.000 0.000 0.657 0.020 0.338 0.000 0.491 0.217 0.721 0.107 0.628 0.288 0.000 
0.791 0.000 0.000 0.003 0.000 0.000 0.078 0.000 0.641 0.090 0.455 0.000 0.659 0.084 0.789 0.372 0.605 0.006 0.000 
0.793 0.000 0.000 0.000 0.011 0.000 0.073 0.005 0.657 0.000 0.467 0.000 0.679 0.127 0.793 0.349 0.444 0.223 0.000 
0.754 0.000 0.000 0.225 0.000 0.000 0.000 0.251 0.620 0.071 0.263 0.000 0.607 0.269 0.754 0.349 0.586 0.018 0.000 
0.754 0.000 0.000 0.015 0.000 0.000 0.181 0.284 0.641 0.060 0.303 0.000 0.707 0.190 0.787 0.480 0.622 0.381 0.000 
0.864 0.000 0.013 0.068 0.000 0.000 0.000 0.000 0.709 0.059 0.434 0.000 0.754 0.408 0.778 0.410 0.643 0.187 0.000 
0.826 0.000 0.006 0.098 0.000 0.000 0.091 0.000 0.641 0.077 0.502 0.000 0.733 0.364 0.807 0.430 0.647 0.456 0.000 
0.867 0.000 0.000 0.074 0.000 0.000 0.038 0.000 0.721 0.104 0.489 0.000 0.770 0.237 0.813 0.291 0.638 0.184 0.000 
0.800 0.000 0.000 0.149 0.000 0.000 0.327 0.000 0.723 0.112 0.568 0.000 0.675 0.096 0.790 0.379 0.594 0.495 0.000 
0.758 0.000 0.000 0.040 0.000 0.000 0.252 0.010 0.671 0.075 0.348 0.000 0.601 0.132 0.622 0.349 0.524 0.040 0.000 
0.831 0.000 0.003 0.005 0.000 0.000 0.000 0.040 0.690 0.118 0.457 0.000 0.727 0.289 0.818 0.489 0.613 0.496 0.005 
0.821 0.000 0.013 0.148 0.082 0.000 0.127 0.000 0.693 0.000 0.505 0.000 0.673 0.027 0.820 0.304 0.598 0.415 0.000 
0.327 0.000 0.000 0.186 0.015 0.000 0.023 0.000 0.546 0.000 0.462 0.000 0.664 0.029 0.763 0.429 0.624 0.227 0.000 
0.756 0.000 0.057 0.122 0.000 0.000 0.000 0.000 0.739 0.011 0.519 0.000 0.696 0.207 0.822 0.443 0.588 0.411 0.000 
0.720 0.000 0.000 0.031 0.000 0.018 0.085 0.000 0.733 0.128 0.543 0.000 0.749 0.414 0.786 0.367 0.672 0.321 0.000 
0.801 0.000 0.028 0.000 0.000 0.002 0.041 0.000 0.680 0.125 0.385 0.008 0.778 0.284 0.800 0.145 0.653 0.147 0.000 
0.560 0.000 0.000 0.048 0.000 0.000 0.076 0.000 0.739 0.010 0.529 0.000 0.634 0.219 0.717 0.353 0.598 0.438 0.000 
0.750 0.000 0.001 0.082 0.001 0.002 0.229 0.000 0.687 0.098 0.568 0.000 0.819 0.482 0.826 0.554 0.696 0.320 0.000 
0.617 0.000 0.000 0.041 0.000 0.008 0.110 0.283 0.691 0.016 0.456 0.000 0.747 0.250 0.807 0.384 0.483 0.479 0.000 
0.747 0.000 0.000 0.083 0.000 0.000 0.007 0.000 0.717 0.107 0.539 0.000 0.754 0.261 0.805 0.385 0.659 0.437 0.000 
0.847 0.000 0.127 0.019 0.000 0.119 0.305 0.002 0.726 0.131 0.535 0.000 0.759 0.247 0.785 0.308 0.589 0.451 0.000 
0.852 0.000 0.043 0.028 0.000 0.026 0.001 0.023 0.731 0.005 0.539 0.000 0.742 0.234 0.820 0.417 0.596 0.491 0.000 
0.814 0.000 0.016 0.029 0.000 0.006 0.101 0.299 0.619 0.110 0.540 0.000 0.724 0.193 0.776 0.354 0.676 0.425 0.000 
0.775 0.000 0.000 0.113 0.001 0.190 0.071 0.000 0.517 0.030 0.431 0.000 0.775 0.301 0.812 0.377 0.492 0.402 0.000 
0.724 0.000 0.061 0.024 0.000 0.023 0.000 0.000 0.764 0.078 0.500 0.000 0.528 0.130 0.763 0.251 0.664 0.157 0.000 
0.827 0.000 0.000 0.146 0.000 0.000 0.047 0.000 0.647 0.111 0.483 0.000 0.816 0.394 0.820 0.548 0.442 0.541 0.000 
0.802 0.000 0.081 0.003 0.000 0.114 0.176 0.000 0.563 0.070 0.501 0.000 0.601 0.475 0.771 0.549 0.684 0.396 0.000 
0.767 0.000 0.018 0.091 0.000 0.039 0.068 0.018 0.685 0.019 0.394 0.000 0.751 0.370 0.799 0.522 0.353 0.513 0.000 
0.636 0.000 0.037 0.109 0.011 0.007 0.490 0.000 0.691 0.054 0.456 0.000 0.590 0.095 0.743 0.231 0.379 0.473 0.000 
0.718 0.000 0.027 0.057 0.000 0.000 0.110 0.000 0.739 0.101 0.620 0.000 0.728 0.297 0.801 0.351 0.675 0.339 0.000 
0.748 0.000 0.032 0.067 0.000 0.143 0.002 0.000 0.159 0.079 0.374 0.000 0.749 0.233 0.815 0.490 0.588 0.550 0.000 
0.808 0.000 0.035 0.078 0.000 0.010 0.048 0.036 0.772 0.092 0.552 0.000 0.629 0.375 0.780 0.562 0.642 0.518 0.006 
0.742 0.000 0.181 0.458 0.127 0.024 0.275 0.353 0.772 0.074 0.592 0.000 0.576 0.305 0.822 0.258 0.694 0.449 0.003 
0.839 0.000 0.000 0.000 0.093 0.090 0.173 0.341 0.716 0.109 0.570 0.000 0.792 0.390 0.801 0.486 0.591 0.476 0.008 
0.844 0.000 0.139 0.088 0.010 0.173 0.000 0.000 0.630 0.078 0.523 0.000 0.702 0.106 0.826 0.588 0.643 0.485 0.000 
0.822 0.000 0.195 0.117 0.000 0.082 0.033 0.032 0.791 0.081 0.605 0.000 0.757 0.366 0.748 0.533 0.492 0.514 0.000 
0.785 0.000 0.260 0.124 0.000 0.459 0.003 0.034 0.735 0.150 0.530 0.000 0.789 0.485 0.790 0.500 0.564 0.362 0.032 
0.816 0.000 0.045 0.290 0.000 0.222 0.257 0.338 0.706 0.000 0.539 0.000 0.740 0.404 0.760 0.457 0.625 0.223 0.000 
0.437 0.000 0.071 0.000 0.021 0.152 0.192 0.000 0.746 0.023 0.538 0.000 0.755 0.272 0.738 0.464 0.516 0.470 0.014 
0.845 0.000 0.082 0.171 0.000 0.070 0.010 0.000 0.751 0.129 0.589 0.000 0.727 0.185 0.812 0.475 0.607 0.480 0.000 
0.915 0.000 0.023 0.004 0.000 0.392 0.141 0.062 0.730 0.124 0.569 0.000 0.809 0.347 0.796 0.397 0.666 0.534 0.012 
0.869 0.000 0.228 0.354 0.000 0.008 0.286 0.358 0.606 0.038 0.550 0.000 0.766 0.264 0.786 0.557 0.694 0.341 0.096 
0.827 0.000 0.159 0.055 0.014 0.098 0.190 0.000 0.767 0.163 0.552 0.000 0.792 0.295 0.841 0.626 0.569 0.492 0.001 
0.717 0.000 0.049 0.068 0.026 0.264 0.001 0.000 0.515 0.032 0.480 0.000 0.815 0.521 0.828 0.429 0.661 0.442 0.020 
0.580 0.000 0.034 0.077 0.000 0.082 0.016 0.017 0.771 0.061 0.549 0.000 0.702 0.245 0.580 0.474 0.695 0.371 0.023 
0.734 0.000 0.001 0.000 0.026 0.364 0.409 0.000 0.787 0.043 0.576 0.000 0.675 0.132 0.773 0.512 0.570 0.343 0.072 
0.848 0.000 0.110 0.010 0.001 0.069 0.095 0.000 0.757 0.134 0.577 0.000 0.669 0.308 0.777 0.451 0.574 0.544 0.032 
0.842 0.000 0.028 0.245 0.001 0.305 0.259 0.000 0.722 0.110 0.586 0.000 0.772 0.233 0.729 0.446 0.702 0.562 0.025 
0.721 0.000 0.095 0.035 0.003 0.135 0.298 0.337 0.725 0.103 0.569 0.000 0.767 0.401 0.791 0.396 0.647 0.361 0.017 
0.818 0.000 0.016 0.097 0.045 0.148 0.076 0.017 0.735 0.142 0.576 0.000 0.750 0.289 0.804 0.566 0.659 0.485 0.024 
0.869 0.000 0.081 0.112 0.241 0.177 0.154 0.060 0.424 0.074 0.485 0.000 0.739 0.240 0.661 0.127 0.675 0.402 0.074 
0.601 0.000 0.085 0.085 0.000 0.473 0.172 0.000 0.665 0.102 0.566 0.000 0.653 0.146 0.721 0.438 0.681 0.351 0.041 
0.730 0.000 0.150 0.306 0.000 0.351 0.128 0.366 0.784 0.003 0.601 0.000 0.583 0.301 0.780 0.583 0.643 0.539 0.112 
0.845 0.000 0.001 0.016 0.015 0.349 0.459 0.000 0.776 0.117 0.535 0.000 0.699 0.363 0.775 0.467 0.615 0.454 0.069 
0.650 0.000 0.043 0.179 0.176 0.142 0.366 0.000 0.756 0.081 0.572 0.000 0.727 0.287 0.738 0.584 0.616 0.468 0.013 
0.850 0.000 0.138 0.012 0.169 0.151 0.164 0.381 0.789 0.167 0.636 0.000 0.810 0.403 0.836 0.574 0.696 0.435 0.027 
0.922 0.003 0.177 0.840 0.045 0.261 0.380 0.018 0.765 0.130 0.451 0.000 0.783 0.395 0.833 0.518 0.596 0.256 0.035 
0.725 0.000 0.160 0.043 0.000 0.212 0.064 0.000 0.785 0.112 0.597 0.016 0.579 0.315 0.755 0.571 0.655 0.426 0.006 
0.851 0.003 0.213 0.077 0.026 0.285 0.371 0.000 0.720 0.075 0.523 0.000 0.735 0.364 0.808 0.515 0.524 0.518 0.081 
0.904 0.000 0.162 0.107 0.000 0.333 0.121 0.003 0.727 0.177 0.575 0.000 0.831 0.390 0.826 0.477 0.603 0.558 0.111 
0.784 0.000 0.111 0.079 0.120 0.330 0.351 0.000 0.741 0.074 0.474 0.000 0.679 0.237 0.679 0.639 0.683 0.530 0.126 
0.838 0.000 0.154 0.302 0.025 0.526 0.444 0.000 0.767 0.007 0.596 0.000 0.603 0.317 0.782 0.444 0.630 0.339 0.062 
0.834 0.000 0.207 0.154 0.157 0.223 0.239 0.402 0.770 0.127 0.592 0.000 0.826 0.483 0.821 0.388 0.682 0.519 0.220 
0.864 0.000 0.154 0.450 0.047 0.130 0.199 0.000 0.802 0.173 0.622 0.000 0.784 0.397 0.833 0.602 0.666 0.444 0.294 
0.881 0.000 0.121 0.398 0.109 0.442 0.122 0.000 0.805 0.062 0.606 0.000 0.815 0.451 0.838 0.664 0.597 0.522 0.072 
0.877 0.004 0.235 0.142 0.000 0.338 0.599 0.000 0.790 0.013 0.629 0.001 0.799 0.271 0.851 0.471 0.703 0.382 0.185 
0.903 0.000 0.122 0.176 0.047 0.411 0.271 0.000 0.780 0.003 0.618 0.000 0.811 0.346 0.843 0.540 0.704 0.549 0.068 
0.814 0.000 0.008 0.042 0.005 0.029 0.585 0.000 0.749 0.031 0.527 0.000 0.747 0.435 0.806 0.514 0.709 0.489 0.180 
0.874 0.000 0.211 0.105 0.036 0.407 0.286 0.000 0.737 0.162 0.593 0.000 0.815 0.529 0.814 0.528 0.593 0.561 0.184 
0.907 0.005 0.107 0.033 0.002 0.253 0.189 0.026 0.753 0.125 0.603 0.000 0.724 0.360 0.803 0.236 0.661 0.471 0.332 
0.792 0.018 0.247 0.140 0.128 0.283 0.469 0.000 0.771 0.113 0.617 0.000 0.772 0.368 0.812 0.691 0.682 0.573 0.267 
0.755 0.004 0.090 0.170 0.085 0.575 0.403 0.000 0.696 0.001 0.445 0.008 0.783 0.301 0.833 0.588 0.619 0.558 0.165 
0.867 0.004 0.054 0.170 0.025 0.184 0.372 0.000 0.824 0.111 0.582 0.000 0.802 0.399 0.840 0.541 0.574 0.443 0.296 
0.862 0.000 0.187 0.240 0.189 0.464 0.187 0.000 0.716 0.115 0.594 0.000 0.794 0.406 0.797 0.647 0.599 0.612 0.331 
0.880 0.054 0.228 0.164 0.067 0.254 0.259 0.017 0.787 0.108 0.627 0.000 0.824 0.398 0.834 0.579 0.694 0.544 0.195 
0.833 0.009 0.156 0.234 0.003 0.250 0.482 0.008 0.813 0.140 0.628 0.000 0.798 0.380 0.825 0.565 0.711 0.354 0.219 
0.873 0.002 0.172 0.256 0.150 0.182 0.263 0.000 0.798 0.081 0.609 0.000 0.780 0.354 0.828 0.604 0.666 0.522 0.231 
0.729 0.000 0.072 0.034 0.000 0.113 0.645 0.000 0.717 0.043 0.575 0.000 0.832 0.415 0.795 0.581 0.542 0.423 0.244 
0.838 0.004 0.025 0.040 0.048 0.256 0.248 0.000 0.801 0.121 0.608 0.000 0.439 0.098 0.506 0.439 0.697 0.563 0.147 
0.788 0.019 0.289 0.058 0.129 0.368 0.544 0.000 0.824 0.032 0.645 0.000 0.826 0.432 0.849 0.623 0.718 0.462 0.213 
0.856 0.002 0.228 0.423 0.089 0.344 0.530 0.000 0.794 0.179 0.639 0.000 0.828 0.402 0.825 0.483 0.703 0.514 0.199 
0.846 0.006 0.312 0.606 0.049 0.204 0.518 0.000 0.760 0.152 0.653 0.000 0.809 0.411 0.790 0.415 0.644 0.553 0.139 
0.860 0.000 0.141 0.102 0.156 0.170 0.437 0.000 0.575 0.095 0.536 0.000 0.672 0.469 0.815 0.365 0.694 0.565 0.461 
0.872 0.000 0.156 0.028 0.062 0.198 0.455 0.000 0.784 0.139 0.637 0.000 0.759 0.447 0.823 0.594 0.734 0.536 0.269 
0.878 0.000 0.261 0.158 0.000 0.343 0.324 0.033 0.745 0.008 0.522 0.000 0.801 0.436 0.841 0.643 0.569 0.496 0.246 
0.881 0.011 0.262 0.143 0.147 0.486 0.561 0.465 0.828 0.079 0.661 0.000 0.779 0.552 0.844 0.595 0.706 0.532 0.301 
0.865 0.004 0.126 0.212 0.135 0.216 0.319 0.000 0.813 0.134 0.618 0.001 0.840 0.355 0.806 0.662 0.616 0.497 0.275 
0.901 0.019 0.067 0.314 0.259 0.257 0.166 0.000 0.781 0.119 0.603 0.000 0.689 0.512 0.821 0.250 0.699 0.588 0.182 
0.820 0.004 0.171 0.192 0.046 0.340 0.675 0.000 0.815 0.114 0.626 0.000 0.809 0.392 0.812 0.631 0.683 0.561 0.221 
0.897 0.018 0.391 0.282 0.321 0.453 0.616 0.006 0.824 0.168 0.674 0.000 0.832 0.457 0.827 0.542 0.641 0.525 0.249 
0.884 0.009 0.330 0.423 0.226 0.335 0.763 0.000 0.609 0.143 0.556 0.000 0.714 0.295 0.795 0.525 0.697 0.542 0.199 
0.911 0.004 0.229 0.348 0.175 0.386 0.403 0.000 0.783 0.166 0.633 0.000 0.822 0.380 0.853 0.653 0.732 0.491 0.215 
0.831 0.000 0.376 0.183 0.131 0.367 0.447 0.000 0.824 0.196 0.670 0.000 0.835 0.244 0.720 0.613 0.707 0.529 0.182 
0.909 0.004 0.217 0.162 0.129 0.604 0.672 0.000 0.827 0.145 0.661 0.000 0.772 0.353 0.816 0.597 0.718 0.471 0.199 
0.899 0.000 0.225 0.864 0.076 0.655 0.745 0.505 0.682 0.172 0.605 0.001 0.867 0.516 0.827 0.655 0.656 0.574 0.063 
0.835 0.000 0.142 0.000 0.032 0.352 0.306 0.000 0.830 0.123 0.652 0.000 0.808 0.383 0.840 0.621 0.678 0.527 0.481 
0.873 0.005 0.146 0.095 0.013 0.400 0.200 0.000 0.814 0.201 0.680 0.000 0.855 0.460 0.824 0.646 0.674 0.448 0.281 
0.819 0.026 0.241 0.016 0.037 0.249 0.364 0.021 0.737 0.070 0.634 0.000 0.809 0.562 0.842 0.640 0.707 0.565 0.111 
0.839 0.005 0.292 0.096 0.158 0.541 0.659 0.475 0.828 0.206 0.662 0.000 0.836 0.369 0.850 0.532 0.701 0.558 0.420 
0.756 0.003 0.107 0.122 0.175 0.298 0.231 0.000 0.776 0.148 0.604 0.000 0.858 0.498 0.811 0.617 0.683 0.542 0.262 
0.900 0.005 0.121 0.535 0.148 0.353 0.604 0.000 0.805 0.163 0.623 0.000 0.832 0.371 0.834 0.615 0.659 0.485 0.191 
0.879 0.020 0.421 0.176 0.054 0.346 0.599 0.000 0.792 0.142 0.624 0.000 0.817 0.462 0.836 0.676 0.722 0.558 0.168 
0.839 0.000 0.498 0.026 0.057 0.134 0.448 0.000 0.804 0.144 0.652 0.000 0.655 0.440 0.781 0.643 0.573 0.588 0.106 
0.834 0.000 0.224 0.124 0.103 0.279 0.688 0.000 0.832 0.102 0.672 0.000 0.823 0.420 0.815 0.641 0.693 0.438 0.589 
0.848 0.018 0.227 0.355 0.078 0.395 0.689 0.000 0.851 0.083 0.674 0.002 0.850 0.385 0.808 0.599 0.700 0.434 0.122 
0.671 0.042 0.307 0.177 0.060 0.335 0.584 0.000 0.764 0.146 0.636 0.000 0.761 0.247 0.839 0.651 0.691 0.560 0.176 
0.851 0.002 0.233 0.520 0.152 0.497 0.863 0.480 0.742 0.078 0.587 0.000 0.828 0.496 0.839 0.629 0.634 0.596 0.102 
0.879 0.025 0.350 0.000 0.149 0.519 0.517 0.000 0.825 0.094 0.623 0.000 0.875 0.544 0.859 0.672 0.711 0.588 0.270 
0.856 0.043 0.347 0.231 0.250 0.292 0.568 0.000 0.819 0.192 0.600 0.001 0.844 0.480 0.843 0.620 0.614 0.502 0.255 
0.864 0.018 0.388 0.512 0.052 0.597 0.779 0.512 0.799 0.146 0.647 0.000 0.865 0.295 0.753 0.709 0.714 0.655 0.425 
0.880 0.027 0.203 0.560 0.228 0.531 0.704 0.000 0.827 0.135 0.628 0.000 0.830 0.504 0.812 0.489 0.576 0.540 0.159 
0.898 0.038 0.087 0.316 0.174 0.476 0.767 0.000 0.830 0.114 0.662 0.000 0.844 0.493 0.828 0.678 0.726 0.542 0.196 
0.930 0.005 0.477 0.254 0.276 0.628 0.841 0.000 0.851 0.122 0.714 0.000 0.837 0.437 0.851 0.596 0.743 0.623 0.262 
0.919 0.032 0.384 0.141 0.177 0.477 0.840 0.000 0.821 0.204 0.649 0.000 0.876 0.544 0.836 0.589 0.653 0.509 0.249 
0.901 0.013 0.128 0.244 0.130 0.428 0.682 0.000 0.830 0.033 0.658 0.000 0.842 0.531 0.828 0.632 0.657 0.609 0.140 
0.889 0.001 0.235 0.130 0.120 0.669 0.432 0.472 0.842 0.125 0.645 0.003 0.860 0.548 0.858 0.639 0.733 0.629 0.138 
0.888 0.088 0.442 0.312 0.210 0.497 0.640 0.004 0.826 0.130 0.687 0.000 0.864 0.523 0.839 0.667 0.720 0.534 0.383 
0.873 0.017 0.134 0.124 0.215 0.471 0.656 0.000 0.841 0.146 0.633 0.000 0.831 0.465 0.843 0.566 0.671 0.534 0.370 
0.868 0.019 0.481 0.628 0.139 0.491 0.758 0.000 0.825 0.158 0.621 0.000 0.838 0.486 0.852 0.475 0.660 0.544 0.119 
0.872 0.036 0.379 0.646 0.035 0.459 0.473 0.000 0.850 0.199 0.670 0.000 0.828 0.512 0.823 0.495 0.654 0.597 0.064 
0.807 0.035 0.239 0.153 0.228 0.662 0.722 0.501 0.847 0.173 0.676 0.000 0.842 0.575 0.837 0.684 0.698 0.607 0.234 
0.852 0.019 0.521 0.243 0.221 0.325 0.574 0.000 0.822 0.135 0.609 0.000 0.857 0.373 0.810 0.603 0.738 0.620 0.321 
0.892 0.058 0.442 0.456 0.291 0.491 0.694 0.000 0.847 0.136 0.610 0.000 0.844 0.423 0.847 0.546 0.714 0.537 0.273 
0.912 0.087 0.341 0.345 0.326 0.399 0.241 0.000 0.850 0.177 0.689 0.000 0.808 0.286 0.850 0.640 0.744 0.504 0.312 
0.922 0.066 0.374 0.319 0.209 0.449 0.296 0.008 0.834 0.143 0.640 0.000 0.848 0.394 0.865 0.708 0.729 0.568 0.402 
0.866 0.061 0.292 0.163 0.179 0.275 0.764 0.461 0.834 0.058 0.659 0.000 0.784 0.434 0.829 0.630 0.701 0.559 0.216 
0.883 0.000 0.463 0.047 0.101 0.320 0.465 0.000 0.861 0.150 0.716 0.000 0.869 0.516 0.837 0.624 0.721 0.611 0.405 
0.865 0.016 0.371 0.285 0.158 0.507 0.577 0.000 0.848 0.215 0.710 0.000 0.808 0.469 0.799 0.634 0.673 0.582 0.378 
0.893 0.017 0.363 0.240 0.119 0.429 0.692 0.472 0.842 0.079 0.652 0.000 0.781 0.510 0.842 0.650 0.645 0.590 0.154 
0.870 0.066 0.563 0.271 0.247 0.440 0.658 0.000 0.837 0.245 0.651 0.000 0.838 0.583 0.858 0.593 0.646 0.619 0.406 
0.824 0.128 0.380 0.146 0.169 0.297 0.675 0.000 0.845 0.031 0.687 0.000 0.872 0.575 0.853 0.582 0.713 0.468 0.228 
0.912 0.021 0.268 0.118 0.261 0.175 0.349 0.000 0.845 0.136 0.651 0.000 0.888 0.561 0.854 0.668 0.679 0.612 0.282 
0.914 0.125 0.119 0.423 0.134 0.625 0.584 0.000 0.840 0.114 0.674 0.000 0.829 0.518 0.848 0.663 0.696 0.612 0.279 
0.789 0.018 0.152 0.422 0.329 0.220 0.643 0.000 0.845 0.203 0.699 0.000 0.838 0.360 0.781 0.621 0.684 0.448 0.089 
0.895 0.019 0.235 0.174 0.083 0.665 0.827 0.000 0.856 0.194 0.685 0.014 0.851 0.515 0.845 0.593 0.724 0.594 0.393 
0.793 0.032 0.151 0.063 0.212 0.587 0.783 0.489 0.853 0.188 0.702 0.000 0.863 0.543 0.816 0.685 0.745 0.566 0.220 
0.931 0.009 0.389 0.330 0.455 0.399 0.617 0.000 0.844 0.159 0.696 0.000 0.858 0.506 0.847 0.655 0.711 0.607 0.238 
0.848 0.125 0.252 0.115 0.132 0.400 0.474 0.000 0.777 0.128 0.617 0.000 0.875 0.295 0.751 0.683 0.635 0.607 0.180 
0.860 0.100 0.176 0.163 0.223 0.649 0.663 0.484 0.834 0.105 0.652 0.004 0.859 0.519 0.850 0.661 0.709 0.513 0.170 
0.867 0.068 0.325 0.493 0.192 0.640 0.718 0.000 0.836 0.176 0.634 0.000 0.798 0.335 0.819 0.454 0.667 0.506 0.178 
0.914 0.134 0.171 0.096 0.120 0.678 0.770 0.000 0.864 0.176 0.705 0.003 0.863 0.500 0.847 0.692 0.722 0.611 0.184 
0.893 0.018 0.299 0.130 0.186 0.444 0.487 0.000 0.806 0.197 0.682 0.014 0.852 0.468 0.856 0.607 0.736 0.541 0.225 
0.867 0.006 0.206 0.045 0.226 0.672 0.669 0.000 0.856 0.105 0.563 0.000 0.791 0.476 0.824 0.673 0.669 0.466 0.205 
0.914 0.221 0.323 0.049 0.276 0.643 0.700 0.501 0.857 0.179 0.709 0.000 0.762 0.338 0.824 0.675 0.738 0.571 0.245 
0.910 0.163 0.545 0.252 0.005 0.553 0.687 0.000 0.853 0.200 0.707 0.000 0.876 0.518 0.856 0.722 0.734 0.574 0.133 
0.848 0.125 0.221 0.260 0.153 0.582 0.473 0.000 0.848 0.160 0.681 0.000 0.871 0.354 0.766 0.746 0.731 0.648 0.230 
0.912 0.027 0.577 0.241 0.234 0.579 0.832 0.000 0.826 0.204 0.698 0.000 0.868 0.495 0.854 0.713 0.683 0.568 0.207 
0.905 0.054 0.374 0.572 0.259 0.737 0.929 0.000 0.848 0.128 0.695 0.001 0.883 0.597 0.849 0.482 0.701 0.619 0.324 
0.942 0.066 0.500 0.272 0.374 0.461 0.843 0.000 0.857 0.202 0.728 0.004 0.874 0.445 0.829 0.664 0.713 0.460 0.202 
0.881 0.148 0.413 0.220 0.400 0.383 0.477 0.000 0.853 0.196 0.687 0.000 0.873 0.579 0.865 0.688 0.704 0.493 0.320 
0.896 0.117 0.305 0.000 0.266 0.528 0.705 0.000 0.842 0.215 0.696 0.002 0.890 0.541 0.851 0.670 0.717 0.581 0.416 
0.902 0.127 0.231 0.491 0.380 0.346 0.730 0.491 0.862 0.221 0.693 0.000 0.805 0.323 0.793 0.544 0.717 0.473 0.206 
0.923 0.078 0.404 0.317 0.425 0.645 0.705 0.000 0.871 0.193 0.722 0.002 0.898 0.535 0.864 0.695 0.734 0.618 0.410 
0.862 0.338 0.511 0.272 0.225 0.532 0.557 0.000 0.876 0.201 0.738 0.000 0.870 0.526 0.864 0.678 0.747 0.590 0.272 
0.903 0.056 0.567 0.504 0.274 0.434 0.793 0.000 0.843 0.196 0.682 0.000 0.827 0.585 0.814 0.653 0.617 0.598 0.232 
0.919 0.061 0.260 0.253 0.153 0.452 0.565 0.000 0.843 0.200 0.699 0.000 0.834 0.561 0.850 0.726 0.746 0.599 0.227 
0.909 0.030 0.483 0.061 0.345 0.276 0.559 0.000 0.856 0.152 0.677 0.000 0.768 0.455 0.859 0.649 0.722 0.561 0.173 
0.929 0.140 0.231 0.082 0.347 0.577 0.785 0.000 0.823 0.114 0.683 0.013 0.858 0.552 0.861 0.719 0.701 0.644 0.479 
0.935 0.156 0.410 0.081 0.406 0.535 0.680 0.000 0.859 0.203 0.709 0.016 0.872 0.482 0.856 0.609 0.727 0.563 0.274 
0.933 0.134 0.342 0.521 0.125 0.624 0.678 0.000 0.860 0.229 0.693 0.000 0.871 0.503 0.875 0.698 0.743 0.573 0.494 
0.926 0.142 0.217 0.110 0.358 0.688 0.874 0.000 0.843 0.222 0.692 0.017 0.884 0.512 0.853 0.733 0.696 0.592 0.249 
0.909 0.135 0.452 0.401 0.252 0.518 0.852 0.539 0.837 0.259 0.683 0.007 0.898 0.513 0.845 0.545 0.678 0.659 0.257 
0.923 0.165 0.653 0.663 0.349 0.670 0.564 0.000 0.864 0.172 0.687 0.000 0.870 0.506 0.842 0.747 0.689 0.625 0.420 
0.895 0.219 0.407 0.200 0.231 0.459 0.536 0.000 0.862 0.245 0.700 0.000 0.868 0.492 0.868 0.685 0.740 0.590 0.495 
0.862 0.176 0.421 0.156 0.298 0.435 0.648 0.000 0.819 0.164 0.680 0.003 0.853 0.415 0.815 0.695 0.665 0.600 0.273 
0.892 0.283 0.584 0.209 0.228 0.494 0.776 0.000 0.860 0.181 0.700 0.022 0.842 0.618 0.861 0.637 0.733 0.569 0.364 
0.908 0.279 0.446 0.601 0.322 0.725 0.693 0.578 0.879 0.144 0.736 0.000 0.908 0.539 0.852 0.703 0.696 0.568 0.404 
0.865 0.032 0.340 0.415 0.324 0.595 0.622 0.528 0.865 0.184 0.718 0.000 0.852 0.637 0.849 0.693 0.709 0.528 0.272 
0.908 0.138 0.499 0.234 0.206 0.718 0.806 0.552 0.841 0.213 0.698 0.000 0.883 0.587 0.866 0.668 0.719 0.593 0.351 
0.951 0.096 0.430 0.048 0.361 0.560 0.592 0.000 0.871 0.200 0.699 0.000 0.883 0.621 0.855 0.722 0.720 0.618 0.383 
0.932 0.173 0.364 0.190 0.470 0.583 0.550 0.000 0.868 0.148 0.708 0.000 0.868 0.535 0.870 0.632 0.725 0.589 0.392 
0.919 0.080 0.209 0.554 0.405 0.539 0.755 0.000 0.824 0.073 0.703 0.000 0.883 0.442 0.849 0.697 0.747 0.576 0.309 
0.938 0.290 0.498 0.442 0.301 0.473 0.666 0.000 0.885 0.281 0.748 0.001 0.867 0.495 0.868 0.662 0.749 0.639 0.249 
0.919 0.098 0.578 0.290 0.245 0.590 0.653 0.000 0.734 0.144 0.621 0.012 0.885 0.609 0.865 0.701 0.726 0.614 0.331 
0.911 0.130 0.460 0.182 0.363 0.604 0.763 0.000 0.856 0.169 0.699 0.000 0.869 0.559 0.869 0.736 0.690 0.622 0.279 
0.911 0.076 0.417 0.242 0.355 0.493 0.416 0.000 0.858 0.164 0.700 0.004 0.897 0.678 0.862 0.623 0.694 0.663 0.430 
0.926 0.178 0.327 0.091 0.374 0.599 0.807 0.000 0.866 0.188 0.688 0.045 0.847 0.550 0.873 0.770 0.754 0.624 0.263 
0.842 0.244 0.276 0.295 0.440 0.419 0.534 0.007 0.850 0.105 0.697 0.002 0.825 0.591 0.847 0.731 0.711 0.571 0.103 
0.942 0.131 0.351 0.000 0.285 0.566 0.732 0.005 0.878 0.176 0.689 0.000 0.872 0.593 0.862 0.689 0.679 0.595 0.202 
0.888 0.234 0.418 0.355 0.323 0.486 0.402 0.000 0.877 0.290 0.738 0.001 0.885 0.637 0.871 0.723 0.753 0.559 0.231 
0.914 0.224 0.428 0.282 0.239 0.497 0.759 0.000 0.882 0.256 0.710 0.001 0.845 0.502 0.851 0.670 0.706 0.602 0.267 
0.933 0.356 0.312 0.423 0.420 0.693 0.724 0.000 0.818 0.190 0.695 0.000 0.870 0.452 0.870 0.659 0.753 0.635 0.396 
0.916 0.179 0.477 0.001 0.349 0.605 0.604 0.000 0.878 0.219 0.715 0.005 0.882 0.468 0.864 0.703 0.759 0.664 0.384 
0.946 0.098 0.338 0.434 0.425 0.626 0.544 0.000 0.865 0.152 0.697 0.078 0.752 0.403 0.861 0.674 0.694 0.594 0.207 
0.898 0.096 0.576 0.518 0.311 0.547 0.753 0.000 0.830 0.198 0.680 0.030 0.867 0.544 0.875 0.653 0.737 0.596 0.238 
0.894 0.238 0.340 0.128 0.193 0.739 0.803 0.000 0.885 0.140 0.681 0.000 0.846 0.366 0.838 0.606 0.719 0.638 0.154 
0.917 0.203 0.418 0.322 0.371 0.689 0.597 0.000 0.868 0.229 0.692 0.000 0.883 0.577 0.863 0.677 0.718 0.551 0.157 
0.888 0.220 0.396 0.338 0.450 0.544 0.563 0.000 0.824 0.213 0.694 0.000 0.851 0.600 0.861 0.721 0.748 0.670 0.400 
0.900 0.094 0.382 0.178 0.342 0.798 0.934 0.000 0.876 0.287 0.731 0.080 0.833 0.349 0.871 0.685 0.732 0.584 0.126 
0.897 0.111 0.683 0.213 0.315 0.682 0.831 0.000 0.877 0.252 0.728 0.001 0.871 0.486 0.870 0.741 0.743 0.648 0.558 
0.922 0.122 0.323 0.590 0.355 0.802 0.795 0.000 0.844 0.258 0.730 0.000 0.875 0.493 0.847 0.634 0.711 0.583 0.431 
0.901 0.129 0.415 0.195 0.298 0.542 0.762 0.000 0.874 0.200 0.701 0.000 0.853 0.668 0.854 0.634 0.693 0.576 0.204 
0.944 0.303 0.525 0.384 0.397 0.517 0.800 0.566 0.872 0.168 0.740 0.000 0.893 0.606 0.860 0.746 0.728 0.623 0.082 
0.951 0.387 0.488 0.605 0.374 0.443 0.514 0.075 0.881 0.203 0.742 0.031 0.879 0.608 0.868 0.684 0.743 0.591 0.243 
0.940 0.202 0.426 0.447 0.323 0.597 0.702 0.000 0.879 0.230 0.729 0.040 0.868 0.599 0.865 0.645 0.733 0.544 0.463 
0.907 0.333 0.337 0.680 0.321 0.596 0.935 0.000 0.876 0.211 0.722 0.034 0.862 0.610 0.864 0.716 0.745 0.628 0.341 
0.964 0.217 0.363 0.464 0.428 0.552 0.885 0.372 0.850 0.275 0.725 0.028 0.899 0.585 0.868 0.718 0.741 0.633 0.389 
0.896 0.385 0.651 0.272 0.259 0.502 0.536 0.000 0.883 0.223 0.718 0.003 0.891 0.396 0.828 0.707 0.757 0.565 0.276 
0.908 0.194 0.611 0.121 0.335 0.628 0.646 0.000 0.896 0.200 0.749 0.000 0.894 0.534 0.858 0.704 0.714 0.646 0.400 
0.928 0.336 0.473 0.669 0.405 0.597 0.773 0.000 0.880 0.251 0.726 0.000 0.888 0.537 0.865 0.701 0.748 0.532 0.348 
0.928 0.304 0.504 0.183 0.358 0.689 0.806 0.000 0.893 0.250 0.722 0.002 0.875 0.632 0.870 0.761 0.740 0.639 0.230 
0.874 0.180 0.421 0.583 0.244 0.476 0.770 0.000 0.858 0.082 0.691 0.001 0.893 0.642 0.888 0.744 0.730 0.576 0.393 
0.925 0.504 0.712 0.482 0.393 0.359 0.613 0.000 0.859 0.267 0.697 0.113 0.900 0.597 0.868 0.708 0.738 0.604 0.311 
0.942 0.399 0.535 0.297 0.470 0.665 0.908 0.000 0.884 0.151 0.737 0.041 0.881 0.587 0.862 0.745 0.726 0.654 0.384 
0.942 0.320 0.411 0.481 0.512 0.601 0.888 0.000 0.877 0.278 0.709 0.002 0.887 0.593 0.870 0.768 0.730 0.662 0.339 
0.934 0.257 0.425 0.528 0.483 0.683 0.821 0.000 0.877 0.189 0.720 0.000 0.890 0.385 0.827 0.728 0.761 0.620 0.371 
0.935 0.336 0.415 0.585 0.411 0.655 0.849 0.000 0.858 0.211 0.706 0.048 0.887 0.577 0.869 0.740 0.741 0.591 0.488 
0.934 0.333 0.516 0.584 0.597 0.716 0.839 0.000 0.866 0.193 0.735 0.000 0.911 0.631 0.866 0.707 0.710 0.604 0.354 
0.933 0.134 0.476 0.393 0.434 0.716 0.869 0.000 0.856 0.179 0.727 0.000 0.902 0.564 0.879 0.774 0.772 0.564 0.274 
0.950 0.358 0.406 0.531 0.448 0.507 0.688 0.000 0.871 0.176 0.717 0.004 0.840 0.627 0.871 0.719 0.765 0.625 0.479 
0.952 0.275 0.478 0.000 0.314 0.653 0.874 0.000 0.883 0.266 0.719 0.000 0.867 0.489 0.856 0.752 0.731 0.704 0.378 
0.952 0.323 0.395 0.000 0.382 0.653 0.719 0.000 0.825 0.314 0.687 0.039 0.892 0.560 0.866 0.635 0.717 0.595 0.334 
0.947 0.256 0.587 0.613 0.491 0.487 0.786 0.000 0.879 0.282 0.729 0.024 0.876 0.516 0.859 0.628 0.723 0.628 0.308 
0.941 0.234 0.442 0.586 0.435 0.642 0.763 0.014 0.879 0.251 0.741 0.002 0.905 0.647 0.875 0.707 0.749 0.609 0.154 
0.921 0.043 0.439 0.385 0.307 0.704 0.890 0.000 0.866 0.128 0.680 0.048 0.883 0.537 0.826 0.702 0.625 0.645 0.362 
0.940 0.269 0.462 0.580 0.564 0.619 0.619 0.000 0.893 0.217 0.742 0.000 0.890 0.572 0.872 0.696 0.756 0.593 0.403 
0.913 0.146 0.368 0.232 0.449 0.632 0.747 0.000 0.854 0.261 0.718 0.022 0.883 0.616 0.863 0.711 0.735 0.624 0.288 
0.938 0.369 0.354 0.027 0.317 0.610 0.953 0.554 0.860 0.223 0.691 0.057 0.886 0.530 0.879 0.758 0.700 0.629 0.187 
0.927 0.232 0.334 0.704 0.290 0.824 0.893 0.000 0.879 0.262 0.735 0.000 0.896 0.634 0.870 0.611 0.725 0.655 0.270 
0.950 0.288 0.503 0.749 0.306 0.640 0.729 0.000 0.891 0.326 0.742 0.003 0.850 0.500 0.824 0.692 0.643 0.635 0.222 
0.920 0.455 0.425 0.407 0.408 0.659 0.846 0.000 0.893 0.222 0.760 0.015 0.888 0.574 0.863 0.622 0.731 0.638 0.431 
0.898 0.270 0.525 0.124 0.298 0.639 0.846 0.000 0.872 0.269 0.740 0.006 0.872 0.503 0.867 0.642 0.733 0.596 0.287 
0.936 0.379 0.504 0.265 0.469 0.329 0.652 0.000 0.862 0.245 0.693 0.011 0.885 0.566 0.873 0.768 0.706 0.546 0.412 
0.937 0.329 0.622 0.612 0.423 0.548 0.912 0.000 0.870 0.252 0.739 0.000 0.886 0.606 0.871 0.727 0.760 0.621 0.280 
0.918 0.446 0.491 0.100 0.235 0.570 0.574 0.000 0.843 0.096 0.699 0.042 0.888 0.538 0.864 0.713 0.725 0.618 0.328 
0.897 0.130 0.559 0.091 0.106 0.691 0.900 0.000 0.875 0.217 0.727 0.000 0.856 0.582 0.860 0.675 0.715 0.607 0.359 
0.961 0.269 0.329 0.514 0.352 0.455 0.624 0.000 0.891 0.267 0.752 0.011 0.912 0.473 0.841 0.636 0.698 0.646 0.266 
0.934 0.435 0.519 0.029 0.298 0.581 0.874 0.000 0.894 0.230 0.752 0.073 0.896 0.614 0.887 0.680 0.768 0.643 0.305 
0.934 0.359 0.573 0.465 0.434 0.633 0.712 0.000 0.897 0.359 0.744 0.027 0.903 0.650 0.875 0.773 0.722 0.618 0.388 
0.929 0.149 0.671 0.358 0.404 0.736 0.892 0.000 0.874 0.155 0.734 0.005 0.878 0.558 0.867 0.761 0.722 0.706 0.396 
0.933 0.333 0.657 0.401 0.372 0.747 0.849 0.000 0.903 0.294 0.750 0.099 0.845 0.550 0.861 0.742 0.725 0.613 0.404 
0.964 0.363 0.731 0.174 0.555 0.776 0.913 0.000 0.887 0.215 0.739 0.016 0.890 0.602 0.867 0.646 0.724 0.609 0.370 
0.917 0.231 0.394 0.258 0.391 0.662 0.722 0.000 0.892 0.179 0.721 0.077 0.906 0.618 0.869 0.764 0.724 0.568 0.273 
0.948 0.287 0.374 0.327 0.473 0.693 0.805 0.000 0.878 0.291 0.724 0.007 0.883 0.644 0.867 0.733 0.697 0.634 0.342 
0.941 0.399 0.522 0.344 0.399 0.579 0.662 0.000 0.887 0.256 0.732 0.008 0.879 0.612 0.884 0.680 0.756 0.592 0.303 
0.904 0.309 0.384 0.547 0.284 0.671 0.736 0.000 0.888 0.279 0.719 0.002 0.883 0.653 0.865 0.708 0.762 0.620 0.304 
0.913 0.366 0.595 0.000 0.316 0.583 0.703 0.000 0.883 0.272 0.741 0.006 0.885 0.537 0.873 0.684 0.750 0.615 0.242 
0.946 0.376 0.371 0.840 0.429 0.532 0.738 0.000 0.891 0.236 0.756 0.002 0.876 0.570 0.843 0.615 0.686 0.537 0.243 
0.940 0.289 0.685 0.259 0.361 0.752 0.931 0.000 0.879 0.374 0.738 0.002 0.885 0.524 0.866 0.763 0.719 0.611 0.356 
0.903 0.373 0.556 0.321 0.527 0.629 0.821 0.000 0.858 0.162 0.731 0.038 0.915 0.631 0.874 0.690 0.739 0.644 0.366 
0.957 0.301 0.451 0.558 0.382 0.721 0.914 0.000 0.862 0.221 0.717 0.008 0.864 0.465 0.865 0.728 0.723 0.582 0.282 
0.945 0.275 0.521 0.610 0.420 0.544 0.807 0.000 0.908 0.147 0.764 0.009 0.911 0.577 0.873 0.686 0.755 0.651 0.654 
0.949 0.181 0.473 0.373 0.430 0.586 0.842 0.000 0.895 0.249 0.749 0.000 0.894 0.612 0.873 0.758 0.724 0.639 0.224 
0.928 0.390 0.656 0.585 0.404 0.753 0.909 0.000 0.864 0.331 0.734 0.067 0.792 0.459 0.869 0.783 0.723 0.639 0.229 
0.929 0.218 0.538 0.294 0.427 0.757 0.959 0.000 0.882 0.304 0.741 0.009 0.891 0.550 0.878 0.745 0.775 0.600 0.259 
0.926 0.487 0.572 0.000 0.447 0.693 0.710 0.000 0.861 0.237 0.724 0.109 0.919 0.566 0.878 0.731 0.756 0.619 0.401 
0.955 0.447 0.427 0.065 0.396 0.497 0.766 0.000 0.873 0.239 0.727 0.000 0.889 0.541 0.872 0.698 0.739 0.588 0.181 
0.969 0.455 0.597 0.625 0.429 0.796 0.764 0.000 0.909 0.317 0.748 0.074 0.884 0.553 0.876 0.677 0.726 0.650 0.518 
0.928 0.299 0.636 0.706 0.399 0.601 0.931 0.633 0.886 0.335 0.758 0.128 0.883 0.539 0.878 0.734 0.780 0.672 0.305 
0.902 0.402 0.460 0.693 0.397 0.553 0.727 0.000 0.900 0.326 0.737 0.004 0.874 0.561 0.869 0.771 0.743 0.658 0.202 
0.934 0.406 0.734 0.773 0.430 0.633 0.860 0.000 0.904 0.284 0.750 0.000 0.854 0.452 0.863 0.644 0.738 0.583 0.404 
0.926 0.396 0.463 0.294 0.282 0.694 0.773 0.000 0.896 0.270 0.759 0.000 0.905 0.606 0.878 0.650 0.759 0.546 0.155 
0.924 0.372 0.488 0.658 0.374 0.711 0.854 0.000 0.910 0.221 0.764 0.007 0.913 0.562 0.852 0.703 0.715 0.601 0.311 
0.946 0.366 0.617 0.076 0.358 0.691 0.928 0.000 0.886 0.192 0.758 0.002 0.892 0.643 0.879 0.746 0.744 0.607 0.278 
0.902 0.425 0.671 0.409 0.227 0.711 0.781 0.000 0.897 0.327 0.733 0.110 0.890 0.612 0.867 0.720 0.703 0.606 0.136 
0.913 0.155 0.401 0.668 0.446 0.435 0.468 0.000 0.906 0.257 0.748 0.032 0.895 0.661 0.859 0.682 0.700 0.592 0.302 
0.955 0.327 0.586 0.576 0.392 0.754 0.806 0.000 0.893 0.189 0.738 0.207 0.906 0.645 0.871 0.748 0.696 0.521 0.265 
0.966 0.404 0.590 0.527 0.603 0.583 0.748 0.000 0.902 0.306 0.751 0.003 0.887 0.496 0.864 0.754 0.754 0.589 0.407 
0.951 0.329 0.581 0.000 0.262 0.827 0.900 0.000 0.907 0.348 0.758 0.134 0.892 0.572 0.877 0.766 0.763 0.666 0.173 
0.924 0.480 0.618 0.012 0.504 0.674 0.826 0.000 0.897 0.368 0.761 0.120 0.869 0.583 0.871 0.693 0.730 0.554 0.091 
0.937 0.360 0.588 0.328 0.485 0.489 0.805 0.000 0.876 0.252 0.736 0.002 0.905 0.619 0.861 0.738 0.707 0.615 0.291 
0.908 0.212 0.541 0.759 0.315 0.610 0.830 0.000 0.894 0.152 0.759 0.111 0.895 0.659 0.881 0.780 0.755 0.606 0.298 
0.948 0.397 0.566 0.463 0.261 0.779 0.887 0.004 0.864 0.234 0.737 0.022 0.909 0.608 0.864 0.753 0.693 0.675 0.559 
0.954 0.437 0.657 0.272 0.351 0.757 0.920 0.000 0.900 0.283 0.759 0.026 0.895 0.626 0.887 0.749 0.764 0.533 0.257 
0.953 0.207 0.696 0.945 0.559 0.790 0.874 0.000 0.893 0.244 0.746 0.030 0.874 0.497 0.860 0.749 0.713 0.644 0.293 
0.949 0.459 0.683 0.586 0.405 0.786 0.830 0.000 0.902 0.318 0.754 0.001 0.893 0.529 0.880 0.685 0.746 0.692 0.386 
0.960 0.375 0.529 0.775 0.416 0.602 0.959 0.000 0.893 0.240 0.741 0.192 0.914 0.610 0.885 0.736 0.735 0.630 0.265 
0.961 0.196 0.541 0.127 0.466 0.625 0.776 0.000 0.889 0.316 0.738 0.000 0.833 0.485 0.868 0.777 0.728 0.626 0.373 
0.946 0.505 0.563 0.745 0.464 0.530 0.692 0.000 0.899 0.350 0.732 0.057 0.904 0.568 0.874 0.756 0.729 0.677 0.254 
0.944 0.420 0.543 0.628 0.436 0.542 0.952 0.000 0.902 0.254 0.759 0.133 0.885 0.591 0.875 0.729 0.744 0.550 0.183 
0.937 0.251 0.560 0.834 0.469 0.692 0.851 0.000 0.876 0.264 0.742 0.015 0.881 0.597 0.881 0.727 0.757 0.582 0.186 
0.928 0.387 0.511 0.277 0.424 0.761 0.861 0.000 0.905 0.254 0.744 0.054 0.902 0.634 0.874 0.735 0.730 0.663 0.219 
0.929 0.257 0.630 0.149 0.538 0.725 0.920 0.000 0.882 0.362 0.741 0.002 0.875 0.517 0.865 0.711 0.732 0.608 0.444 
0.894 0.383 0.655 0.119 0.432 0.564 0.651 0.000 0.897 0.225 0.763 0.157 0.899 0.622 0.870 0.720 0.719 0.630 0.329 
0.960 0.479 0.519 0.638 0.523 0.817 0.916 0.000 0.903 0.241 0.755 0.000 0.906 0.623 0.883 0.673 0.759 0.576 0.420 
0.943 0.404 0.720 0.556 0.363 0.670 0.895 0.000 0.899 0.251 0.775 0.111 0.880 0.546 0.862 0.754 0.729 0.682 0.266 
0.944 0.312 0.624 0.701 0.443 0.585 0.654 0.619 0.904 0.328 0.750 0.081 0.894 0.591 0.881 0.753 0.749 0.686 0.259 
0.930 0.505 0.515 0.599 0.058 0.689 0.785 0.000 0.900 0.296 0.745 0.174 0.888 0.547 0.877 0.614 0.747 0.643 0.300 
0.932 0.502 0.654 0.611 0.389 0.499 0.727 0.000 0.893 0.202 0.746 0.036 0.881 0.552 0.871 0.694 0.723 0.628 0.338 
0.962 0.441 0.624 0.250 0.572 0.737 0.917 0.000 0.883 0.280 0.745 0.001 0.907 0.572 0.865 0.735 0.750 0.661 0.506 
0.949 0.363 0.554 0.469 0.455 0.769 0.944 0.628 0.887 0.296 0.754 0.000 0.904 0.653 0.870 0.727 0.711 0.520 0.475 
0.953 0.337 0.500 0.478 0.492 0.823 0.950 0.000 0.877 0.292 0.751 0.086 0.906 0.627 0.888 0.769 0.774 0.583 0.373 
0.964 0.321 0.423 0.752 0.598 0.489 0.869 0.000 0.902 0.229 0.761 0.047 0.922 0.706 0.852 0.746 0.667 0.629 0.342 
0.968 0.478 0.526 0.588 0.582 0.722 0.856 0.000 0.904 0.313 0.745 0.004 0.898 0.635 0.883 0.684 0.735 0.634 0.428 
0.953 0.355 0.705 0.157 0.541 0.655 0.981 0.000 0.903 0.236 0.743 0.004 0.913 0.562 0.870 0.743 0.746 0.669 0.205 
0.935 0.364 0.895 0.432 0.390 0.721 0.914 0.000 0.888 0.295 0.734 0.001 0.900 0.594 0.878 0.804 0.738 0.669 0.345 
0.953 0.442 0.519 0.364 0.534 0.761 0.876 0.000 0.908 0.238 0.753 0.027 0.913 0.608 0.886 0.758 0.769 0.698 0.291 
0.965 0.297 0.491 0.693 0.488 0.645 0.833 0.000 0.898 0.242 0.736 0.000 0.911 0.624 0.891 0.739 0.740 0.627 0.577 
0.953 0.266 0.462 0.865 0.625 0.605 0.899 0.000 0.895 0.167 0.742 0.002 0.911 0.707 0.879 0.707 0.745 0.611 0.232 
0.958 0.389 0.462 0.293 0.457 0.742 0.692 0.000 0.909 0.236 0.761 0.056 0.906 0.611 0.872 0.732 0.755 0.583 0.288 
0.956 0.394 0.540 0.717 0.547 0.600 0.840 0.000 0.906 0.285 0.756 0.120 0.884 0.556 0.878 0.699 0.758 0.611 0.278 
0.949 0.411 0.665 0.582 0.548 0.830 0.800 0.000 0.905 0.276 0.776 0.112 0.904 0.649 0.872 0.724 0.731 0.657 0.172 
0.941 0.347 0.467 0.000 0.519 0.765 0.793 0.000 0.907 0.311 0.777 0.179 0.908 0.542 0.869 0.672 0.757 0.629 0.258 
0.973 0.343 0.281 0.677 0.668 0.574 0.809 0.000 0.876 0.309 0.742 0.059 0.900 0.653 0.880 0.697 0.752 0.619 0.136 
0.964 0.430 0.661 0.796 0.568 0.613 0.848 0.167 0.907 0.326 0.780 0.039 0.922 0.604 0.866 0.750 0.733 0.647 0.275 
0.958 0.391 0.415 0.789 0.468 0.660 0.778 0.000 0.911 0.233 0.778 0.000 0.913 0.562 0.874 0.731 0.763 0.614 0.390 
0.964 0.443 0.724 0.411 0.602 0.761 0.937 0.000 0.895 0.342 0.759 0.033 0.908 0.643 0.877 0.688 0.743 0.635 0.537 
0.955 0.444 0.635 0.421 0.499 0.581 0.926 0.000 0.903 0.240 0.769 0.274 0.894 0.573 0.874 0.734 0.756 0.637 0.304 
0.967 0.445 0.728 0.820 0.319 0.620 0.938 0.000 0.899 0.276 0.756 0.020 0.904 0.608 0.880 0.753 0.760 0.591 0.297 
0.944 0.536 0.521 0.530 0.328 0.750 0.905 0.000 0.897 0.257 0.759 0.048 0.895 0.567 0.874 0.766 0.748 0.663 0.365 
0.942 0.315 0.614 0.273 0.353 0.583 0.932 0.000 0.888 0.305 0.750 0.000 0.889 0.514 0.881 0.727 0.768 0.559 0.475 
0.956 0.351 0.707 0.533 0.506 0.770 0.755 0.616 0.904 0.254 0.747 0.009 0.905 0.623 0.868 0.743 0.714 0.577 0.172 
0.970 0.349 0.661 0.859 0.689 0.606 0.727 0.000 0.911 0.186 0.771 0.148 0.907 0.622 0.866 0.696 0.730 0.559 0.171 
0.963 0.540 0.557 0.875 0.371 0.600 0.812 0.000 0.887 0.265 0.743 0.153 0.924 0.684 0.858 0.753 0.675 0.643 0.211 
0.960 0.369 0.349 0.621 0.533 0.731 0.868 0.000 0.907 0.272 0.751 0.009 0.912 0.600 0.883 0.742 0.746 0.681 0.339 
0.945 0.378 0.682 0.339 0.449 0.752 0.945 0.608 0.903 0.221 0.758 0.029 0.903 0.557 0.870 0.665 0.753 0.550 0.253 
0.949 0.421 0.498 0.498 0.372 0.615 0.854 0.610 0.897 0.315 0.755 0.092 0.896 0.542 0.877 0.729 0.758 0.591 0.317 
0.959 0.452 0.428 0.412 0.409 0.501 0.673 0.000 0.867 0.278 0.743 0.008 0.915 0.518 0.859 0.720 0.767 0.635 0.483 
0.950 0.330 0.686 0.132 0.641 0.584 0.880 0.000 0.880 0.235 0.743 0.000 0.895 0.610 0.874 0.734 0.743 0.622 0.462 
0.957 0.403 0.484 0.539 0.499 0.663 0.947 0.003 0.899 0.350 0.776 0.045 0.910 0.660 0.861 0.672 0.708 0.588 0.701 
0.949 0.442 0.502 0.440 0.583 0.562 0.900 0.000 0.905 0.144 0.776 0.008 0.903 0.594 0.877 0.678 0.776 0.634 0.239 
0.937 0.505 0.267 0.398 0.427 0.678 0.841 0.000 0.909 0.336 0.776 0.016 0.915 0.626 0.881 0.745 0.776 0.556 0.074 
0.965 0.326 0.480 0.663 0.594 0.697 0.930 0.000 0.898 0.238 0.773 0.016 0.901 0.653 0.886 0.752 0.760 0.598 0.403 
0.945 0.488 0.660 0.416 0.463 0.464 0.576 0.000 0.897 0.278 0.757 0.015 0.918 0.589 0.877 0.736 0.756 0.631 0.349 
0.937 0.532 0.577 0.460 0.504 0.538 0.862 0.000 0.894 0.284 0.750 0.078 0.909 0.649 0.873 0.729 0.718 0.639 0.521 
0.941 0.377 0.794 0.478 0.558 0.611 0.839 0.000 0.916 0.388 0.782 0.010 0.900 0.570 0.876 0.733 0.758 0.631 0.374 
0.959 0.490 0.512 0.301 0.569 0.635 0.918 0.000 0.893 0.194 0.764 0.169 0.914 0.649 0.871 0.769 0.744 0.694 0.541 
0.962 0.485 0.653 0.401 0.536 0.579 0.800 0.000 0.894 0.233 0.747 0.003 0.915 0.635 0.876 0.743 0.739 0.649 0.366 
0.955 0.555 0.830 0.569 0.632 0.622 0.889 0.000 0.903 0.295 0.779 0.067 0.905 0.671 0.884 0.788 0.761 0.625 0.324 
0.948 0.503 0.510 0.335 0.581 0.607 0.944 0.000 0.909 0.246 0.770 0.001 0.906 0.683 0.890 0.748 0.757 0.632 0.243 
0.960 0.503 0.613 0.333 0.459 0.688 0.881 0.000 0.904 0.297 0.763 0.011 0.886 0.584 0.882 0.716 0.762 0.592 0.270 
0.928 0.429 0.506 0.000 0.373 0.655 0.845 0.000 0.883 0.315 0.751 0.015 0.900 0.619 0.855 0.719 0.675 0.629 0.274 
0.950 0.408 0.604 0.489 0.449 0.769 0.964 0.640 0.918 0.259 0.777 0.000 0.918 0.601 0.879 0.757 0.750 0.577 0.451 
0.956 0.432 0.762 0.385 0.432 0.717 0.850 0.000 0.901 0.312 0.748 0.000 0.913 0.649 0.877 0.743 0.720 0.608 0.341 
0.961 0.500 0.680 0.408 0.501 0.734 0.843 0.000 0.897 0.301 0.764 0.040 0.907 0.628 0.868 0.700 0.743 0.650 0.385 
0.961 0.561 0.559 0.578 0.517 0.734 0.950 0.000 0.913 0.236 0.767 0.000 0.924 0.611 0.874 0.744 0.759 0.627 0.386 
0.944 0.487 0.665 0.262 0.393 0.767 0.905 0.000 0.900 0.189 0.765 0.055 0.898 0.480 0.864 0.710 0.750 0.620 0.392 
0.969 0.431 0.678 0.361 0.488 0.649 0.930 0.000 0.899 0.284 0.770 0.006 0.902 0.582 0.867 0.718 0.735 0.613 0.544 
0.941 0.429 0.443 0.879 0.319 0.642 0.893 0.000 0.911 0.317 0.784 0.000 0.925 0.596 0.879 0.705 0.762 0.598 0.269 
0.962 0.368 0.352 0.510 0.456 0.656 0.832 0.000 0.908 0.212 0.761 0.002 0.917 0.624 0.877 0.671 0.751 0.591 0.176 
0.949 0.533 0.784 0.675 0.425 0.644 0.894 0.000 0.906 0.360 0.770 0.088 0.912 0.585 0.870 0.734 0.750 0.607 0.387 
0.946 0.470 0.511 0.156 0.379 0.679 0.774 0.008 0.906 0.387 0.773 0.058 0.906 0.601 0.876 0.728 0.762 0.670 0.299 
0.972 0.372 0.640 0.850 0.706 0.736 0.823 0.000 0.922 0.381 0.784 0.003 0.903 0.641 0.884 0.699 0.765 0.613 0.629 
0.932 0.428 0.505 0.459 0.457 0.734 0.950 0.000 0.911 0.344 0.782 0.017 0.912 0.654 0.887 0.668 0.757 0.648 0.372 
0.969 0.371 0.797 0.360 0.546 0.714 0.787 0.000 0.908 0.345 0.771 0.017 0.896 0.608 0.890 0.773 0.765 0.634 0.345 
0.947 0.354 0.430 0.179 0.567 0.635 0.738 0.000 0.898 0.273 0.779 0.054 0.906 0.585 0.878 0.729 0.768 0.583 0.320 
0.950 0.504 0.646 0.549 0.408 0.562 0.815 0.000 0.909 0.260 0.777 0.099 0.918 0.634 0.879 0.744 0.743 0.664 0.281 
0.960 0.432 0.582 0.666 0.612 0.705 0.846 0.639 0.911 0.300 0.762 0.035 0.907 0.536 0.851 0.729 0.698 0.606 0.364 
0.963 0.487 0.704 0.721 0.574 0.728 0.936 0.000 0.913 0.257 0.771 0.115 0.934 0.666 0.884 0.743 0.758 0.638 0.313 
0.954 0.404 0.620 0.178 0.576 0.557 0.787 0.622 0.904 0.343 0.781 0.144 0.920 0.650 0.879 0.711 0.748 0.641 0.399 
0.963 0.545 0.584 0.127 0.455 0.690 0.858 0.000 0.911 0.337 0.768 0.003 0.906 0.614 0.881 0.770 0.765 0.630 0.353 
0.965 0.383 0.680 0.466 0.645 0.779 0.903 0.000 0.860 0.255 0.744 0.104 0.911 0.629 0.869 0.627 0.747 0.639 0.358 
0.935 0.545 0.206 0.329 0.423 0.674 0.799 0.000 0.908 0.184 0.764 0.000 0.912 0.635 0.883 0.727 0.753 0.606 0.220 
0.958 0.473 0.615 0.628 0.508 0.675 0.916 0.653 0.883 0.333 0.759 0.002 0.911 0.610 0.877 0.728 0.761 0.657 0.468 
0.948 0.432 0.646 0.642 0.568 0.600 0.958 0.000 0.880 0.262 0.746 0.002 0.890 0.575 0.875 0.700 0.748 0.654 0.438 
0.955 0.479 0.543 0.703 0.570 0.880 0.861 0.000 0.913 0.297 0.777 0.029 0.903 0.593 0.874 0.666 0.754 0.681 0.375 
0.961 0.325 0.326 0.856 0.593 0.632 0.848 0.000 0.907 0.250 0.774 0.035 0.898 0.584 0.870 0.684 0.762 0.616 0.321 
0.969 0.506 0.530 0.491 0.593 0.659 0.967 0.000 0.882 0.266 0.741 0.061 0.915 0.631 0.880 0.708 0.744 0.655 0.370 
0.956 0.376 0.709 0.721 0.410 0.728 0.805 0.000 0.915 0.232 0.779 0.085 0.928 0.661 0.860 0.738 0.694 0.668 0.365 
0.951 0.476 0.627 0.459 0.331 0.738 0.945 0.000 0.908 0.334 0.771 0.095 0.921 0.666 0.870 0.780 0.722 0.608 0.358 
0.929 0.505 0.711 0.307 0.423 0.705 0.816 0.000 0.898 0.262 0.756 0.000 0.908 0.556 0.877 0.747 0.757 0.645 0.444 
0.963 0.409 0.712 0.603 0.596 0.708 0.866 0.000 0.920 0.337 0.792 0.226 0.897 0.674 0.871 0.738 0.742 0.640 0.444 
0.953 0.557 0.769 0.282 0.428 0.637 0.752 0.000 0.918 0.268 0.773 0.034 0.915 0.667 0.885 0.739 0.759 0.580 0.405 
0.960 0.512 0.549 0.531 0.474 0.718 0.721 0.000 0.909 0.306 0.774 0.179 0.904 0.642 0.858 0.691 0.716 0.623 0.432 
0.962 0.328 0.473 0.552 0.459 0.833 0.967 0.000 0.893 0.308 0.757 0.012 0.908 0.609 0.874 0.702 0.755 0.603 0.312 
0.973 0.509 0.713 0.764 0.555 0.590 0.744 0.000 0.911 0.277 0.774 0.152 0.925 0.655 0.877 0.701 0.745 0.665 0.371 
0.958 0.577 0.568 0.860 0.603 0.743 0.825 0.000 0.911 0.255 0.778 0.001 0.905 0.635 0.875 0.645 0.757 0.555 0.295 
0.950 0.241 0.559 0.064 0.377 0.710 0.952 0.000 0.920 0.289 0.792 0.000 0.907 0.596 0.877 0.726 0.755 0.668 0.243 
0.953 0.435 0.452 0.716 0.476 0.663 0.766 0.000 0.915 0.217 0.773 0.034 0.898 0.603 0.874 0.696 0.739 0.588 0.454 
0.944 0.275 0.467 0.445 0.463 0.835 0.944 0.000 0.896 0.237 0.757 0.119 0.923 0.662 0.879 0.746 0.737 0.634 0.349 
0.970 0.618 0.621 0.080 0.505 0.610 0.762 0.000 0.916 0.259 0.767 0.148 0.908 0.609 0.874 0.690 0.738 0.604 0.202 
0.949 0.318 0.468 0.593 0.459 0.563 0.709 0.000 0.904 0.209 0.781 0.003 0.924 0.650 0.875 0.710 0.752 0.643 0.258 
0.954 0.375 0.412 0.256 0.516 0.832 0.914 0.000 0.899 0.311 0.763 0.029 0.913 0.587 0.884 0.670 0.764 0.548 0.401 
0.975 0.268 0.556 0.745 0.727 0.709 0.964 0.000 0.910 0.266 0.759 0.001 0.917 0.664 0.883 0.742 0.745 0.604 0.562 
0.946 0.346 0.669 0.626 0.353 0.583 0.416 0.000 0.913 0.278 0.776 0.122 0.910 0.635 0.876 0.745 0.718 0.628 0.261 
0.943 0.464 0.570 0.453 0.427 0.772 0.943 0.000 0.896 0.279 0.766 0.000 0.914 0.613 0.886 0.688 0.766 0.635 0.424 
0.966 0.549 0.538 0.748 0.614 0.767 0.897 0.000 0.906 0.255 0.764 0.034 0.919 0.663 0.888 0.748 0.771 0.601 0.204 
0.974 0.155 0.421 0.445 0.667 0.678 0.813 0.000 0.911 0.329 0.789 0.084 0.919 0.623 0.873 0.689 0.765 0.659 0.182 
0.962 0.471 0.466 0.007 0.647 0.643 0.719 0.000 0.906 0.313 0.771 0.056 0.906 0.661 0.874 0.698 0.750 0.652 0.326 
0.962 0.415 0.351 0.186 0.640 0.565 0.840 0.000 0.902 0.219 0.748 0.019 0.920 0.631 0.885 0.694 0.783 0.598 0.436 
0.949 0.498 0.771 0.720 0.520 0.670 0.923 0.000 0.925 0.276 0.777 0.001 0.912 0.565 0.874 0.735 0.750 0.620 0.593 
0.964 0.443 0.605 0.394 0.547 0.735 0.709 0.000 0.914 0.222 0.790 0.000 0.919 0.673 0.873 0.759 0.725 0.631 0.354 
0.965 0.365 0.595 0.730 0.666 0.508 0.939 0.000 0.915 0.204 0.787 0.026 0.916 0.681 0.876 0.658 0.757 0.606 0.448 
0.968 0.528 0.690 0.897 0.599 0.725 0.915 0.000 0.902 0.230 0.777 0.000 0.894 0.612 0.862 0.686 0.727 0.592 0.292 
0.947 0.410 0.534 0.000 0.603 0.601 0.780 0.000 0.894 0.329 0.770 0.016 0.915 0.640 0.870 0.705 0.745 0.643 0.512 
0.966 0.274 0.316 0.573 0.712 0.638 0.854 0.000 0.908 0.240 0.774 0.038 0.918 0.635 0.880 0.720 0.754 0.692 0.520 
0.963 0.451 0.614 0.612 0.667 0.686 0.834 0.000 0.900 0.307 0.764 0.032 0.902 0.575 0.864 0.693 0.748 0.639 0.424 
0.953 0.399 0.508 0.494 0.534 0.613 0.841 0.000 0.912 0.374 0.783 0.054 0.914 0.626 0.878 0.709 0.767 0.600 0.424 
0.960 0.356 0.631 0.463 0.358 0.604 0.895 0.000 0.912 0.237 0.773 0.010 0.919 0.646 0.877 0.724 0.765 0.579 0.243 
0.951 0.395 0.694 0.436 0.547 0.809 0.913 0.000 0.910 0.383 0.772 0.077 0.907 0.685 0.875 0.682 0.736 0.604 0.290 
0.960 0.545 0.789 0.668 0.392 0.739 0.919 0.000 0.911 0.349 0.782 0.002 0.914 0.639 0.881 0.758 0.752 0.641 0.486 
0.937 0.393 0.686 0.445 0.357 0.497 0.878 0.000 0.914 0.207 0.771 0.009 0.917 0.685 0.882 0.711 0.749 0.640 0.358 
0.936 0.442 0.715 0.420 0.383 0.691 0.829 0.000 0.914 0.280 0.774 0.001 0.911 0.650 0.879 0.683 0.751 0.634 0.229 
0.970 0.465 0.582 0.816 0.729 0.664 0.611 0.000 0.901 0.241 0.760 0.048 0.915 0.660 0.887 0.732 0.757 0.649 0.296 
0.956 0.370 0.622 0.633 0.516 0.812 0.942 0.000 0.900 0.370 0.772 0.000 0.912 0.655 0.884 0.698 0.765 0.604 0.612 
0.942 0.310 0.593 0.440 0.407 0.617 0.965 0.000 0.903 0.282 0.763 0.014 0.903 0.658 0.877 0.756 0.740 0.657 0.368 
0.947 0.477 0.706 0.687 0.409 0.653 0.894 0.642 0.894 0.321 0.765 0.023 0.924 0.601 0.858 0.632 0.718 0.618 0.433 
0.951 0.392 0.602 0.383 0.570 0.742 0.828 0.000 0.910 0.284 0.772 0.000 0.915 0.584 0.883 0.653 0.780 0.603 0.241 
0.959 0.498 0.677 0.643 0.568 0.661 0.804 0.000 0.911 0.335 0.782 0.214 0.915 0.656 0.883 0.698 0.760 0.681 0.395 
0.956 0.524 0.738 0.566 0.509 0.773 0.868 0.000 0.908 0.335 0.777 0.003 0.917 0.656 0.878 0.728 0.748 0.644 0.152 
0.953 0.475 0.583 0.103 0.609 0.655 0.961 0.000 0.918 0.339 0.771 0.034 0.928 0.658 0.888 0.752 0.764 0.680 0.455 
0.961 0.381 0.466 0.129 0.365 0.672 0.845 0.000 0.913 0.254 0.781 0.148 0.911 0.615 0.877 0.696 0.769 0.624 0.389 
0.954 0.457 0.747 0.441 0.495 0.757 0.927 0.647 0.897 0.257 0.767 0.210 0.915 0.664 0.867 0.640 0.724 0.574 0.356 
0.957 0.503 0.588 0.388 0.554 0.549 0.727 0.000 0.910 0.268 0.774 0.011 0.897 0.553 0.874 0.737 0.785 0.595 0.375 
0.954 0.423 0.399 0.846 0.576 0.797 0.849 0.000 0.907 0.263 0.754 0.105 0.911 0.643 0.880 0.738 0.740 0.671 0.482 
0.957 0.351 0.686 0.097 0.389 0.633 0.949 0.000 0.910 0.284 0.778 0.055 0.906 0.627 0.870 0.662 0.749 0.618 0.373 
0.957 0.426 0.609 0.175 0.415 0.793 0.964 0.621 0.923 0.226 0.774 0.034 0.908 0.603 0.874 0.720 0.736 0.580 0.464 
0.953 0.427 0.692 0.466 0.570 0.706 0.895 0.000 0.905 0.322 0.765 0.035 0.919 0.663 0.879 0.719 0.744 0.579 0.211 
0.966 0.288 0.606 0.581 0.566 0.826 0.958 0.645 0.905 0.284 0.770 0.046 0.915 0.623 0.870 0.727 0.745 0.597 0.346 
0.970 0.417 0.647 0.588 0.580 0.446 0.966 0.000 0.912 0.265 0.771 0.085 0.919 0.654 0.884 0.746 0.763 0.577 0.354 
0.966 0.283 0.635 0.522 0.692 0.713 0.804 0.000 0.914 0.301 0.783 0.123 0.919 0.620 0.875 0.705 0.746 0.601 0.458 
0.967 0.457 0.646 0.341 0.544 0.656 0.672 0.000 0.917 0.310 0.790 0.015 0.908 0.628 0.866 0.696 0.719 0.711 0.479 
0.934 0.411 0.641 0.357 0.483 0.569 0.951 0.000 0.904 0.265 0.773 0.060 0.914 0.617 0.882 0.693 0.772 0.620 0.397 
0.940 0.394 0.579 0.451 0.407 0.750 0.751 0.000 0.919 0.279 0.789 0.157 0.919 0.637 0.872 0.714 0.735 0.576 0.339 
0.935 0.373 0.725 0.387 0.300 0.761 0.912 0.627 0.909 0.270 0.773 0.116 0.913 0.638 0.873 0.699 0.741 0.687 0.281 
0.949 0.479 0.742 0.455 0.407 0.490 0.755 0.000 0.913 0.318 0.770 0.140 0.919 0.633 0.885 0.711 0.756 0.625 0.198 
0.970 0.360 0.680 0.302 0.712 0.685 0.788 0.638 0.895 0.314 0.766 0.042 0.913 0.634 0.878 0.666 0.760 0.670 0.460 
0.951 0.562 0.585 0.000 0.402 0.686 0.758 0.000 0.913 0.210 0.771 0.025 0.914 0.647 0.879 0.724 0.736 0.640 0.505 
0.968 0.484 0.538 0.742 0.645 0.682 0.857 0.000 0.913 0.262 0.774 0.002 0.905 0.557 0.861 0.748 0.744 0.619 0.286 
0.929 0.321 0.329 0.000 0.371 0.648 0.929 0.000 0.906 0.286 0.787 0.108 0.906 0.649 0.859 0.678 0.719 0.577 0.296 
0.959 0.462 0.517 0.000 0.418 0.787 0.777 0.000 0.911 0.369 0.781 0.000 0.919 0.668 0.881 0.712 0.757 0.618 0.299 
0.946 0.586 0.564 0.396 0.335 0.560 0.814 0.000 0.890 0.260 0.766 0.028 0.917 0.673 0.864 0.695 0.711 0.614 0.638 
0.946 0.326 0.455 0.594 0.447 0.812 0.940 0.644 0.921 0.228 0.778 0.027 0.921 0.694 0.887 0.697 0.765 0.677 0.479 
0.951 0.468 0.585 0.686 0.530 0.806 0.908 0.000 0.899 0.277 0.751 0.008 0.930 0.685 0.892 0.750 0.751 0.626 0.271 
0.931 0.532 0.465 0.514 0.254 0.628 0.914 0.000 0.899 0.220 0.756 0.064 0.904 0.566 0.862 0.654 0.738 0.644 0.402 
0.958 0.339 0.589 0.466 0.440 0.586 0.947 0.630 0.920 0.336 0.783 0.055 0.912 0.658 0.878 0.694 0.757 0.670 0.343 
0.956 0.380 0.668 0.636 0.525 0.601 0.908 0.000 0.901 0.259 0.765 0.064 0.899 0.614 0.869 0.701 0.745 0.654 0.297 
0.952 0.328 0.632 0.368 0.414 0.664 0.857 0.000 0.902 0.284 0.778 0.130 0.932 0.688 0.892 0.617 0.779 0.637 0.486 
0.972 0.298 0.612 0.474 0.687 0.760 0.912 0.000 0.907 0.342 0.774 0.000 0.912 0.676 0.877 0.716 0.747 0.582 0.287 
0.931 0.378 0.709 0.147 0.395 0.682 0.918 0.000 0.905 0.332 0.776 0.123 0.912 0.642 0.865 0.710 0.731 0.569 0.353 
0.971 0.483 0.600 0.640 0.710 0.774 0.892 0.667 0.912 0.185 0.786 0.014 0.930 0.726 0.887 0.727 0.760 0.655 0.362 
0.949 0.330 0.676 0.569 0.390 0.653 0.728 0.000 0.918 0.258 0.777 0.037 0.922 0.691 0.884 0.715 0.765 0.623 0.329 
0.966 0.460 0.595 0.782 0.566 0.823 0.948 0.000 0.907 0.260 0.768 0.016 0.898 0.593 0.880 0.772 0.773 0.598 0.505 
0.957 0.326 0.508 0.625 0.398 0.632 0.880 0.620 0.908 0.308 0.786 0.008 0.911 0.637 0.882 0.728 0.767 0.613 0.286 
0.953 0.454 0.688 0.520 0.529 0.733 0.956 0.000 0.917 0.247 0.783 0.132 0.913 0.619 0.871 0.708 0.740 0.605 0.198 
0.951 0.364 0.554 0.291 0.548 0.747 0.908 0.000 0.915 0.208 0.761 0.014 0.911 0.642 0.873 0.701 0.745 0.605 0.189 
0.961 0.244 0.484 0.605 0.524 0.809 0.922 0.633 0.907 0.214 0.760 0.023 0.913 0.635 0.884 0.758 0.752 0.614 0.391 
0.963 0.450 0.736 0.587 0.442 0.638 0.867 0.000 0.908 0.216 0.762 0.009 0.915 0.626 0.868 0.666 0.734 0.555 0.388 
0.950 0.457 0.668 0.634 0.446 0.627 0.758 0.628 0.895 0.206 0.747 0.015 0.921 0.647 0.874 0.770 0.726 0.674 0.297 
0.946 0.523 0.475 0.504 0.481 0.564 0.810 0.000 0.915 0.216 0.771 0.194 0.910 0.660 0.872 0.763 0.731 0.670 0.341 
0.962 0.426 0.541 0.398 0.568 0.642 0.939 0.000 0.912 0.353 0.776 0.070 0.930 0.683 0.878 0.746 0.735 0.619 0.346 
0.957 0.297 0.435 0.591 0.454 0.851 0.979 0.000 0.929 0.406 0.798 0.024 0.902 0.633 0.889 0.742 0.777 0.567 0.416 
0.950 0.495 0.723 0.081 0.528 0.681 0.761 0.000 0.904 0.320 0.767 0.002 0.905 0.609 0.872 0.709 0.749 0.625 0.400 
0.947 0.328 0.614 0.033 0.377 0.622 0.949 0.000 0.913 0.230 0.761 0.116 0.922 0.651 0.880 0.742 0.743 0.571 0.256 
0.959 0.335 0.556 0.694 0.609 0.818 0.864 0.000 0.899 0.283 0.764 0.000 0.919 0.640 0.881 0.723 0.761 0.620 0.343 
0.972 0.461 0.545 0.846 0.435 0.778 0.975 0.000 0.919 0.318 0.787 0.172 0.920 0.661 0.882 0.765 0.759 0.686 0.422 
0.959 0.337 0.504 0.737 0.546 0.765 0.919 0.000 0.914 0.287 0.776 0.044 0.906 0.641 0.874 0.756 0.741 0.678 0.371 
0.949 0.362 0.703 0.390 0.437 0.692 0.747 0.000 0.914 0.310 0.767 0.089 0.909 0.695 0.887 0.758 0.750 0.630 0.291 
0.952 0.375 0.625 0.349 0.471 0.782 0.922 0.000 0.913 0.286 0.782 0.136 0.910 0.593 0.871 0.702 0.752 0.650 0.337 
0.958 0.408 0.651 0.657 0.558 0.712 0.922 0.657 0.913 0.238 0.773 0.009 0.914 0.649 0.882 0.762 0.752 0.694 0.367 
0.951 0.464 0.712 0.412 0.391 0.768 0.741 0.630 0.913 0.316 0.777 0.018 0.924 0.705 0.883 0.707 0.751 0.635 0.276 
0.966 0.438 0.762 0.439 0.566 0.620 0.838 0.000 0.911 0.339 0.783 0.044 0.924 0.693 0.883 0.757 0.753 0.629 0.331 
0.959 0.540 0.599 0.757 0.562 0.677 0.854 0.000 0.914 0.296 0.785 0.001 0.913 0.633 0.885 0.720 0.752 0.625 0.571 
0.950 0.443 0.527 0.313 0.604 0.677 0.923 0.000 0.914 0.252 0.776 0.181 0.926 0.679 0.881 0.729 0.756 0.595 0.481 
0.955 0.396 0.545 0.834 0.319 0.497 0.851 0.000 0.905 0.279 0.763 0.002 0.917 0.634 0.876 0.695 0.738 0.653 0.251 
0.955 0.384 0.358 0.636 0.431 0.714 0.931 0.000 0.914 0.278 0.776 0.063 0.910 0.650 0.873 0.712 0.745 0.704 0.482 
0.962 0.439 0.696 0.631 0.683 0.828 0.906 0.000 0.911 0.306 0.770 0.038 0.921 0.665 0.874 0.687 0.735 0.612 0.303 
0.973 0.460 0.780 0.638 0.685 0.723 0.948 0.000 0.904 0.359 0.771 0.050 0.913 0.653 0.878 0.696 0.756 0.666 0.271 
0.943 0.619 0.659 0.262 0.495 0.797 0.937 0.000 0.910 0.233 0.779 0.037 0.928 0.633 0.870 0.694 0.757 0.625 0.377 
0.963 0.429 0.633 0.423 0.626 0.725 0.946 0.000 0.900 0.311 0.760 0.093 0.908 0.609 0.874 0.731 0.738 0.612 0.335 
0.951 0.446 0.606 0.597 0.530 0.722 0.704 0.000 0.921 0.229 0.787 0.007 0.925 0.657 0.881 0.745 0.749 0.645 0.301 
0.953 0.360 0.735 0.614 0.418 0.858 0.944 0.000 0.918 0.310 0.787 0.081 0.905 0.602 0.877 0.705 0.763 0.620 0.223 
0.967 0.346 0.553 0.806 0.533 0.588 0.880 0.000 0.911 0.359 0.783 0.003 0.911 0.621 0.865 0.688 0.735 0.691 0.371 
0.967 0.453 0.553 0.655 0.575 0.705 0.837 0.000 0.891 0.275 0.752 0.084 0.916 0.654 0.883 0.679 0.758 0.696 0.389 
0.944 0.443 0.729 0.697 0.357 0.804 0.936 0.642 0.905 0.335 0.766 0.004 0.912 0.657 0.884 0.671 0.762 0.599 0.158 
0.948 0.359 0.649 0.777 0.399 0.590 0.960 0.000 0.921 0.276 0.784 0.125 0.928 0.667 0.882 0.674 0.749 0.605 0.347 
0.964 0.424 0.569 0.282 0.472 0.756 0.789 0.611 0.908 0.211 0.769 0.012 0.907 0.587 0.873 0.682 0.748 0.612 0.441 
0.958 0.443 0.599 0.592 0.496 0.777 0.811 0.000 0.911 0.275 0.772 0.018 0.913 0.626 0.881 0.737 0.748 0.673 0.334 
0.952 0.369 0.637 0.649 0.518 0.749 0.971 0.000 0.915 0.337 0.789 0.099 0.913 0.665 0.889 0.725 0.769 0.665 0.421 
0.965 0.271 0.542 0.867 0.468 0.619 0.955 0.000 0.916 0.277 0.775 0.153 0.919 0.681 0.876 0.677 0.751 0.574 0.284 
0.963 0.400 0.555 0.904 0.459 0.751 0.884 0.000 0.900 0.315 0.772 0.060 0.909 0.636 0.879 0.704 0.750 0.627 0.283 
0.952 0.431 0.722 0.445 0.432 0.693 0.954 0.000 0.914 0.294 0.781 0.010 0.913 0.651 0.881 0.738 0.753 0.625 0.288 
0.957 0.452 0.530 0.686 0.475 0.555 0.657 0.000 0.915 0.354 0.775 0.070 0.904 0.599 0.873 0.734 0.738 0.558 0.330 
0.944 0.536 0.484 0.388 0.420 0.576 0.928 0.000 0.912 0.277 0.772 0.082 0.913 0.634 0.879 0.723 0.760 0.660 0.390 
0.932 0.401 0.711 0.131 0.283 0.576 0.828 0.000 0.900 0.325 0.762 0.222 0.921 0.636 0.871 0.747 0.728 0.631 0.330 
0.955 0.431 0.682 0.782 0.407 0.702 0.890 0.000 0.903 0.287 0.763 0.006 0.916 0.660 0.883 0.675 0.756 0.637 0.437 
0.952 0.431 0.633 0.775 0.406 0.593 0.948 0.000 0.917 0.360 0.784 0.063 0.918 0.672 0.876 0.688 0.742 0.624 0.159 
0.953 0.469 0.566 0.575 0.496 0.653 0.913 0.000 0.921 0.351 0.796 0.008 0.908 0.639 0.891 0.704 0.785 0.563 0.285 
0.943 0.491 0.763 0.135 0.366 0.849 0.899 0.000 0.909 0.295 0.779 0.087 0.915 0.683 0.876 0.714 0.740 0.615 0.184 
0.952 0.440 0.523 0.668 0.305 0.756 0.836 0.000 0.913 0.351 0.786 0.016 0.905 0.607 0.874 0.764 0.761 0.667 0.513 
0.954 0.538 0.639 0.530 0.440 0.644 0.961 0.000 0.903 0.288 0.773 0.238 0.924 0.670 0.878 0.750 0.755 0.655 0.293 
0.956 0.422 0.769 0.755 0.506 0.694 0.963 0.000 0.907 0.276 0.779 0.202 0.911 0.684 0.875 0.677 0.750 0.591 0.437 
0.961 0.455 0.681 0.503 0.622 0.623 0.759 0.000 0.919 0.308 0.784 0.054 0.915 0.635 0.876 0.701 0.759 0.574 0.276 
0.961 0.496 0.619 0.434 0.317 0.831 0.749 0.614 0.919 0.281 0.785 0.004 0.922 0.621 0.864 0.702 0.712 0.549 0.292 
0.963 0.534 0.570 0.324 0.588 0.663 0.694 0.000 0.908 0.287 0.770 0.108 0.926 0.710 0.879 0.731 0.746 0.648 0.313 
0.959 0.358 0.561 0.386 0.547 0.621 0.874 0.000 0.917 0.337 0.792 0.077 0.916 0.645 0.877 0.692 0.737 0.600 0.156 
0.960 0.242 0.547 0.721 0.602 0.824 0.926 0.000 0.909 0.288 0.770 0.082 0.906 0.643 0.877 0.715 0.750 0.605 0.317 
0.958 0.349 0.517 0.159 0.559 0.751 0.873 0.000 0.914 0.311 0.789 0.016 0.918 0.629 0.868 0.731 0.741 0.618 0.334 
0.956 0.428 0.669 0.741 0.374 0.766 0.918 0.000 0.899 0.279 0.760 0.014 0.909 0.647 0.878 0.788 0.737 0.605 0.400 
0.962 0.416 0.645 0.323 0.554 0.725 0.932 0.000 0.921 0.295 0.785 0.056 0.917 0.646 0.881 0.664 0.755 0.630 0.173 
0.958 0.293 0.540 0.358 0.562 0.397 0.759 0.000 0.907 0.313 0.765 0.133 0.905 0.643 0.870 0.703 0.732 0.590 0.325 
0.955 0.312 0.657 0.597 0.438 0.623 0.763 0.000 0.913 0.246 0.781 0.035 0.919 0.662 0.885 0.707 0.761 0.590 0.346 
0.950 0.371 0.566 0.807 0.439 0.474 0.808 0.000 0.915 0.271 0.767 0.038 0.908 0.601 0.875 0.734 0.737 0.597 0.285 
0.957 0.456 0.614 0.414 0.439 0.700 0.967 0.000 0.921 0.308 0.786 0.024 0.915 0.573 0.876 0.794 0.747 0.575 0.345 
0.945 0.449 0.545 0.467 0.456 0.712 0.950 0.000 0.907 0.203 0.771 0.085 0.924 0.657 0.877 0.690 0.750 0.605 0.366 
0.957 0.609 0.548 0.471 0.415 0.795 0.877 0.000 0.920 0.211 0.770 0.019 0.908 0.641 0.884 0.747 0.755 0.685 0.573 
0.961 0.438 0.721 0.664 0.585 0.688 0.819 0.000 0.913 0.257 0.771 0.006 0.917 0.684 0.889 0.730 0.749 0.632 0.291 
0.961 0.425 0.728 0.400 0.390 0.726 0.987 0.649 0.924 0.376 0.793 0.043 0.907 0.584 0.876 0.690 0.757 0.636 0.477 
0.945 0.445 0.628 0.741 0.444 0.604 0.923 0.000 0.904 0.262 0.769 0.186 0.911 0.662 0.884 0.716 0.757 0.608 0.305 
0.966 0.440 0.759 0.874 0.611 0.762 0.908 0.000 0.915 0.315 0.778 0.000 0.915 0.660 0.874 0.672 0.741 0.635 0.241 
0.953 0.412 0.606 0.487 0.541 0.598 0.963 0.000 0.912 0.288 0.781 0.012 0.913 0.659 0.888 0.722 0.762 0.610 0.418 
0.957 0.300 0.540 0.489 0.554 0.722 0.928 0.000 0.920 0.289 0.779 0.020 0.912 0.665 0.885 0.727 0.757 0.626 0.396 
0.931 0.532 0.706 0.165 0.489 0.708 0.828 0.000 0.908 0.296 0.776 0.000 0.910 0.633 0.875 0.649 0.742 0.608 0.405 
0.961 0.425 0.502 0.529 0.563 0.656 0.948 0.000 0.918 0.295 0.785 0.062 0.918 0.663 0.874 0.697 0.737 0.594 0.278 
0.961 0.557 0.748 0.835 0.468 0.635 0.943 0.000 0.920 0.313 0.771 0.028 0.925 0.674 0.877 0.679 0.745 0.627 0.396 
0.949 0.371 0.587 0.056 0.482 0.668 0.860 0.000 0.907 0.314 0.779 0.066 0.922 0.685 0.880 0.761 0.760 0.657 0.318 
0.952 0.475 0.590 0.408 0.300 0.783 0.901 0.000 0.901 0.242 0.768 0.044 0.925 0.635 0.880 0.713 0.764 0.637 0.273 
0.967 0.403 0.651 0.940 0.520 0.762 0.943 0.000 0.911 0.348 0.780 0.000 0.915 0.638 0.880 0.695 0.754 0.538 0.301 
0.961 0.448 0.710 0.426 0.642 0.691 0.936 0.651 0.907 0.318 0.771 0.066 0.911 0.644 0.882 0.743 0.745 0.689 0.234 
0.953 0.306 0.590 0.846 0.385 0.695 0.873 0.000 0.909 0.258 0.773 0.086 0.903 0.607 0.872 0.702 0.739 0.704 0.484 
0.965 0.508 0.692 0.756 0.486 0.711 0.659 0.000 0.916 0.278 0.781 0.003 0.916 0.654 0.875 0.664 0.748 0.599 0.361 
0.962 0.469 0.685 0.432 0.499 0.684 0.754 0.000 0.922 0.299 0.788 0.065 0.922 0.587 0.877 0.717 0.766 0.634 0.458 
0.968 0.418 0.498 0.601 0.532 0.831 0.933 0.000 0.905 0.366 0.778 0.062 0.902 0.590 0.864 0.697 0.747 0.652 0.485 
0.971 0.372 0.431 0.548 0.565 0.538 0.868 0.616 0.904 0.224 0.766 0.120 0.895 0.629 0.874 0.730 0.734 0.626 0.286 
0.939 0.456 0.520 0.722 0.475 0.655 0.813 0.000 0.883 0.358 0.758 0.000 0.914 0.647 0.885 0.729 0.759 0.635 0.428 
0.939 0.446 0.736 0.533 0.348 0.622 0.861 0.000 0.909 0.304 0.768 0.005 0.904 0.619 0.885 0.704 0.755 0.587 0.443 
0.958 0.443 0.556 0.841 0.429 0.633 0.888 0.644 0.925 0.359 0.790 0.014 0.914 0.628 0.876 0.722 0.742 0.611 0.258 
0.956 0.459 0.587 0.603 0.315 0.798 0.896 0.647 0.912 0.326 0.777 0.083 0.904 0.638 0.882 0.734 0.761 0.655 0.357 
0.968 0.437 0.520 0.565 0.566 0.580 0.905 0.000 0.899 0.328 0.767 0.058 0.895 0.621 0.873 0.711 0.757 0.525 0.362 
0.962 0.301 0.607 0.823 0.584 0.653 0.882 0.000 0.911 0.225 0.781 0.082 0.914 0.631 0.877 0.720 0.762 0.680 0.419 
0.951 0.388 0.555 0.400 0.332 0.666 0.926 0.000 0.909 0.306 0.777 0.132 0.920 0.668 0.887 0.727 0.772 0.668 0.541 
0.955 0.357 0.721 0.070 0.385 0.740 0.945 0.000 0.916 0.255 0.769 0.076 0.911 0.622 0.868 0.711 0.722 0.640 0.460 
0.944 0.461 0.528 0.858 0.311 0.661 0.636 0.000 0.916 0.350 0.787 0.034 0.907 0.600 0.867 0.718 0.732 0.598 0.272 
0.970 0.352 0.544 0.727 0.596 0.872 0.945 0.000 0.926 0.330 0.787 0.068 0.921 0.638 0.887 0.724 0.758 0.635 0.480 
0.973 0.511 0.510 0.616 0.621 0.686 0.906 0.000 0.920 0.352 0.787 0.003 0.910 0.604 0.878 0.729 0.765 0.602 0.319 
0.950 0.337 0.581 0.675 0.378 0.611 0.954 0.000 0.906 0.226 0.770 0.005 0.924 0.657 0.877 0.672 0.739 0.621 0.285 
0.949 0.390 0.591 0.778 0.389 0.770 0.910 0.000 0.909 0.313 0.766 0.000 0.914 0.608 0.867 0.672 0.727 0.615 0.400 
0.950 0.462 0.475 0.059 0.383 0.530 0.580 0.000 0.915 0.305 0.781 0.000 0.906 0.630 0.876 0.728 0.737 0.610 0.301 
0.951 0.484 0.726 0.605 0.443 0.674 0.957 0.648 0.910 0.296 0.780 0.005 0.923 0.651 0.883 0.727 0.760 0.650 0.238 
0.953 0.326 0.650 0.599 0.442 0.594 0.942 0.627 0.919 0.247 0.787 0.085 0.922 0.671 0.884 0.682 0.758 0.553 0.265 
0.964 0.509 0.755 0.619 0.632 0.756 0.960 0.018 0.919 0.304 0.788 0.051 0.920 0.635 0.877 0.689 0.753 0.697 0.427 
0.967 0.255 0.656 0.542 0.473 0.728 0.915 0.000 0.910 0.359 0.780 0.023 0.912 0.622 0.881 0.676 0.753 0.651 0.321 
0.963 0.381 0.558 0.793 0.552 0.727 0.729 0.648 0.926 0.283 0.797 0.003 0.933 0.685 0.882 0.730 0.750 0.629 0.339 
0.960 0.404 0.638 0.340 0.501 0.840 0.863 0.000 0.926 0.321 0.790 0.089 0.902 0.614 0.881 0.757 0.756 0.639 0.578 
0.955 0.450 0.722 0.109 0.473 0.821 0.933 0.628 0.917 0.234 0.780 0.012 0.914 0.645 0.868 0.724 0.732 0.639 0.373 
0.957 0.358 0.689 0.461 0.639 0.732 0.893 0.000 0.911 0.256 0.776 0.017 0.909 0.626 0.884 0.708 0.751 0.631 0.287 
0.968 0.402 0.616 0.538 0.538 0.786 0.846 0.000 0.913 0.377 0.787 0.151 0.918 0.621 0.878 0.678 0.757 0.615 0.533 
0.940 0.342 0.603 0.167 0.364 0.633 0.916 0.000 0.919 0.309 0.782 0.003 0.905 0.671 0.875 0.741 0.751 0.632 0.513 
0.952 0.423 0.469 0.787 0.267 0.710 0.869 0.000 0.920 0.363 0.776 0.020 0.913 0.631 0.882 0.733 0.757 0.624 0.366 
0.952 0.458 0.699 0.433 0.387 0.685 0.903 0.000 0.909 0.250 0.776 0.041 0.906 0.643 0.877 0.682 0.748 0.600 0.224 
0.955 0.442 0.705 0.629 0.500 0.723 0.742 0.000 0.914 0.314 0.782 0.124 0.919 0.659 0.876 0.691 0.741 0.696 0.573 
0.957 0.372 0.600 0.433 0.489 0.701 0.932 0.000 0.913 0.336 0.778 0.023 0.916 0.650 0.874 0.700 0.746 0.634 0.369 
0.951 0.346 0.659 0.690 0.353 0.810 0.906 0.000 0.923 0.258 0.780 0.035 0.916 0.653 0.881 0.689 0.750 0.628 0.318 
0.967 0.461 0.514 0.792 0.513 0.731 0.775 0.000 0.908 0.294 0.764 0.052 0.920 0.650 0.886 0.735 0.752 0.659 0.204 
0.959 0.421 0.711 0.685 0.495 0.780 0.835 0.000 0.924 0.300 0.783 0.022 0.920 0.668 0.884 0.669 0.767 0.654 0.357 
0.958 0.490 0.764 0.395 0.551 0.683 0.926 0.000 0.922 0.339 0.783 0.272 0.909 0.646 0.877 0.691 0.755 0.594 0.216 
0.954 0.394 0.630 0.067 0.607 0.889 0.937 0.000 0.919 0.295 0.790 0.014 0.905 0.596 0.883 0.716 0.772 0.604 0.237 
0.961 0.515 0.532 0.429 0.714 0.634 0.933 0.000 0.916 0.349 0.773 0.003 0.923 0.679 0.880 0.729 0.737 0.625 0.323 
0.954 0.358 0.546 0.424 0.570 0.814 0.901 0.648 0.910 0.344 0.774 0.150 0.914 0.662 0.884 0.708 0.756 0.661 0.342 
0.943 0.337 0.755 0.144 0.448 0.626 0.835 0.000 0.905 0.310 0.789 0.000 0.923 0.666 0.884 0.737 0.766 0.654 0.330 
0.942 0.330 0.564 0.607 0.395 0.625 0.969 0.630 0.909 0.261 0.766 0.027 0.917 0.635 0.878 0.674 0.740 0.669 0.439 
0.977 0.244 0.427 0.540 0.531 0.829 0.893 0.000 0.906 0.374 0.779 0.030 0.903 0.628 0.882 0.748 0.767 0.575 0.600 
0.960 0.355 0.621 0.549 0.569 0.553 0.920 0.000 0.909 0.213 0.774 0.001 0.925 0.664 0.884 0.711 0.758 0.628 0.404 
0.960 0.425 0.699 0.457 0.502 0.693 0.884 0.000 0.917 0.253 0.791 0.162 0.926 0.670 0.881 0.762 0.754 0.647 0.287 
0.959 0.270 0.601 0.548 0.533 0.656 0.857 0.000 0.914 0.326 0.779 0.294 0.916 0.685 0.883 0.735 0.766 0.624 0.330 
0.968 0.494 0.524 0.788 0.579 0.739 0.807 0.000 0.910 0.304 0.775 0.000 0.920 0.637 0.876 0.694 0.757 0.655 0.338 
0.952 0.499 0.749 0.288 0.594 0.724 0.922 0.657 0.921 0.308 0.783 0.195 0.915 0.653 0.876 0.680 0.750 0.585 0.438 
0.958 0.669 0.738 0.276 0.418 0.591 0.902 0.000 0.905 0.269 0.777 0.076 0.912 0.648 0.878 0.705 0.762 0.569 0.236 
0.969 0.416 0.772 0.821 0.627 0.645 0.928 0.000 0.902 0.228 0.770 0.008 0.911 0.639 0.871 0.621 0.732 0.597 0.314 
0.952 0.365 0.556 0.704 0.455 0.815 0.844 0.000 0.916 0.266 0.774 0.009 0.931 0.679 0.884 0.677 0.760 0.713 0.559 
0.954 0.448 0.570 0.653 0.555 0.797 0.923 0.655 0.907 0.256 0.776 0.144 0.917 0.648 0.884 0.729 0.755 0.611 0.259 
0.952 0.379 0.639 0.707 0.442 0.777 0.937 0.000 0.901 0.278 0.776 0.164 0.921 0.702 0.874 0.683 0.747 0.644 0.343 
0.950 0.481 0.714 0.264 0.531 0.609 0.781 0.000 0.911 0.320 0.782 0.189 0.918 0.651 0.880 0.663 0.747 0.661 0.522 
0.965 0.506 0.531 0.536 0.603 0.756 0.926 0.000 0.925 0.280 0.788 0.025 0.913 0.669 0.880 0.667 0.749 0.696 0.492 
0.971 0.473 0.462 0.548 0.705 0.544 0.755 0.000 0.921 0.263 0.788 0.241 0.913 0.650 0.878 0.718 0.754 0.659 0.332 
0.965 0.402 0.484 0.869 0.586 0.639 0.735 0.652 0.908 0.276 0.769 0.152 0.919 0.676 0.882 0.711 0.752 0.626 0.387 
0.958 0.319 0.723 0.446 0.447 0.597 0.902 0.000 0.906 0.346 0.780 0.013 0.919 0.706 0.884 0.671 0.764 0.629 0.439 
0.961 0.563 0.603 0.337 0.690 0.633 0.915 0.000 0.916 0.305 0.782 0.030 0.922 0.666 0.881 0.776 0.751 0.579 0.266 
0.951 0.395 0.466 0.435 0.621 0.750 0.876 0.000 0.906 0.216 0.768 0.101 0.906 0.588 0.866 0.640 0.740 0.620 0.365 
0.951 0.407 0.696 0.592 0.479 0.734 0.943 0.000 0.913 0.288 0.778 0.126 0.924 0.641 0.875 0.733 0.748 0.655 0.479 
0.951 0.393 0.644 0.411 0.554 0.589 0.822 0.000 0.909 0.328 0.782 0.069 0.917 0.669 0.877 0.687 0.747 0.629 0.404 
0.958 0.454 0.678 0.549 0.445 0.719 0.959 0.000 0.924 0.226 0.780 0.014 0.899 0.614 0.875 0.666 0.760 0.646 0.356 
0.963 0.294 0.646 0.558 0.580 0.611 0.817 0.000 0.913 0.321 0.769 0.121 0.915 0.637 0.884 0.758 0.754 0.616 0.509 
0.960 0.317 0.495 0.715 0.581 0.700 0.986 0.000 0.911 0.242 0.775 0.214 0.905 0.661 0.880 0.737 0.750 0.711 0.515 
0.946 0.388 0.686 0.785 0.423 0.775 0.889 0.000 0.918 0.299 0.779 0.001 0.911 0.605 0.874 0.690 0.741 0.642 0.308 
0.969 0.381 0.623 0.336 0.559 0.513 0.856 0.000 0.907 0.267 0.768 0.073 0.909 0.572 0.863 0.686 0.752 0.635 0.358 
0.972 0.493 0.828 0.755 0.611 0.831 0.890 0.000 0.920 0.241 0.772 0.052 0.919 0.666 0.879 0.721 0.759 0.678 0.406 
0.950 0.477 0.772 0.662 0.497 0.464 0.969 0.662 0.915 0.346 0.780 0.001 0.924 0.673 0.872 0.745 0.738 0.621 0.503 
0.946 0.508 0.580 0.572 0.464 0.683 0.985 0.000 0.911 0.321 0.792 0.061 0.914 0.636 0.880 0.734 0.763 0.580 0.328 
0.953 0.568 0.664 0.495 0.450 0.521 0.734 0.000 0.920 0.325 0.781 0.011 0.922 0.644 0.881 0.755 0.763 0.611 0.310 
0.963 0.509 0.583 0.810 0.527 0.774 0.833 0.000 0.912 0.318 0.763 0.065 0.924 0.644 0.879 0.732 0.751 0.614 0.524 
0.954 0.414 0.355 0.533 0.567 0.556 0.758 0.000 0.902 0.307 0.766 0.182 0.899 0.605 0.870 0.759 0.743 0.628 0.290 
0.961 0.539 0.620 0.770 0.615 0.764 0.899 0.000 0.908 0.297 0.774 0.070 0.906 0.598 0.874 0.718 0.749 0.618 0.341 
0.946 0.366 0.237 0.240 0.548 0.641 0.958 0.000 0.911 0.241 0.773 0.036 0.921 0.629 0.884 0.738 0.753 0.586 0.484 
0.961 0.515 0.670 0.533 0.623 0.820 0.931 0.663 0.904 0.227 0.775 0.144 0.924 0.648 0.879 0.659 0.749 0.651 0.322 
0.966 0.335 0.400 0.692 0.491 0.812 0.853 0.000 0.917 0.341 0.780 0.000 0.917 0.661 0.877 0.697 0.759 0.614 0.362 
0.954 0.402 0.699 0.060 0.528 0.607 0.618 0.000 0.912 0.359 0.784 0.068 0.930 0.701 0.878 0.660 0.749 0.615 0.296 
0.950 0.307 0.797 0.365 0.476 0.598 0.959 0.616 0.913 0.257 0.761 0.014 0.912 0.625 0.880 0.726 0.735 0.602 0.203 
0.962 0.440 0.666 0.526 0.478 0.609 0.566 0.000 0.916 0.248 0.782 0.003 0.918 0.670 0.875 0.716 0.741 0.627 0.368 
0.954 0.304 0.578 0.462 0.482 0.706 0.903 0.000 0.918 0.258 0.781 0.005 0.921 0.662 0.875 0.683 0.736 0.657 0.527 
0.945 0.328 0.625 0.843 0.469 0.647 0.846 0.000 0.912 0.319 0.779 0.025 0.917 0.639 0.882 0.725 0.756 0.591 0.340 
0.962 0.450 0.603 0.802 0.363 0.773 0.907 0.658 0.914 0.319 0.776 0.108 0.918 0.652 0.878 0.762 0.750 0.641 0.258 
0.966 0.429 0.718 0.471 0.628 0.865 0.977 0.000 0.908 0.301 0.774 0.079 0.931 0.621 0.883 0.742 0.753 0.621 0.345 
0.965 0.356 0.659 0.855 0.651 0.530 0.916 0.000 0.914 0.298 0.775 0.000 0.914 0.663 0.884 0.743 0.757 0.659 0.493 
0.966 0.332 0.620 0.526 0.507 0.672 0.769 0.000 0.921 0.362 0.786 0.165 0.930 0.652 0.875 0.726 0.735 0.571 0.528 
0.938 0.389 0.771 0.439 0.346 0.411 0.807 0.000 0.919 0.290 0.786 0.057 0.916 0.627 0.876 0.741 0.744 0.661 0.358 
0.971 0.351 0.647 0.812 0.648 0.449 0.606 0.000 0.916 0.304 0.792 0.007 0.917 0.676 0.881 0.721 0.764 0.657 0.575 
0.949 0.446 0.622 0.263 0.503 0.663 0.947 0.000 0.910 0.303 0.782 0.234 0.909 0.677 0.878 0.718 0.757 0.590 0.327 
0.964 0.474 0.718 0.786 0.504 0.731 0.942 0.676 0.909 0.335 0.773 0.047 0.919 0.644 0.875 0.702 0.748 0.694 0.406 
0.953 0.305 0.641 0.096 0.493 0.761 0.806 0.000 0.909 0.324 0.767 0.003 0.921 0.673 0.867 0.740 0.730 0.587 0.279 
0.950 0.461 0.610 0.667 0.411 0.645 0.760 0.637 0.918 0.343 0.790 0.057 0.906 0.671 0.884 0.714 0.765 0.596 0.315 
0.976 0.408 0.582 0.739 0.689 0.475 0.895 0.000 0.918 0.384 0.780 0.003 0.904 0.654 0.874 0.653 0.743 0.626 0.293 
0.963 0.453 0.844 0.586 0.493 0.641 0.846 0.000 0.911 0.291 0.779 0.034 0.911 0.654 0.881 0.705 0.745 0.660 0.217 
0.949 0.392 0.580 0.253 0.390 0.660 0.910 0.621 0.904 0.297 0.776 0.002 0.923 0.634 0.870 0.682 0.755 0.633 0.564 
0.966 0.386 0.636 0.663 0.630 0.687 0.945 0.000 0.915 0.270 0.787 0.036 0.910 0.639 0.872 0.736 0.744 0.625 0.361 
0.959 0.422 0.598 0.923 0.490 0.777 0.848 0.668 0.920 0.329 0.796 0.047 0.908 0.628 0.872 0.684 0.749 0.638 0.444 
0.971 0.460 0.565 0.628 0.449 0.710 0.918 0.000 0.929 0.362 0.795 0.029 0.927 0.660 0.882 0.710 0.746 0.675 0.511 
0.949 0.448 0.676 0.360 0.474 0.881 0.963 0.000 0.922 0.273 0.777 0.030 0.910 0.649 0.869 0.714 0.734 0.590 0.559 
0.966 0.608 0.618 0.472 0.497 0.638 0.858 0.000 0.898 0.323 0.763 0.000 0.919 0.623 0.874 0.714 0.744 0.648 0.415 
0.956 0.255 0.576 0.596 0.548 0.672 0.886 0.000 0.913 0.211 0.774 0.049 0.904 0.615 0.872 0.713 0.750 0.619 0.419 
0.969 0.387 0.559 0.892 0.560 0.705 0.787 0.000 0.914 0.289 0.776 0.001 0.915 0.613 0.872 0.688 0.746 0.632 0.228 
0.948 0.353 0.514 0.309 0.375 0.739 0.914 0.000 0.910 0.390 0.787 0.004 0.914 0.654 0.867 0.726 0.735 0.567 0.278 
0.946 0.388 0.685 0.184 0.422 0.697 0.809 0.000 0.912 0.333 0.778 0.006 0.905 0.626 0.871 0.695 0.742 0.595 0.374 
0.962 0.362 0.788 0.630 0.586 0.757 0.979 0.000 0.905 0.234 0.768 0.018 0.926 0.660 0.868 0.697 0.724 0.593 0.520 
0.943 0.529 0.560 0.655 0.421 0.743 0.946 0.000 0.906 0.336 0.780 0.050 0.913 0.670 0.877 0.711 0.760 0.637 0.413 
0.949 0.361 0.435 0.497 0.463 0.646 0.881 0.000 0.916 0.266 0.774 0.000 0.911 0.610 0.878 0.710 0.752 0.628 0.429 
0.947 0.414 0.532 0.164 0.396 0.541 0.955 0.000 0.919 0.266 0.784 0.000 0.930 0.655 0.871 0.679 0.734 0.621 0.277 
0.964 0.333 0.600 0.598 0.536 0.590 0.938 0.000 0.914 0.325 0.785 0.000 0.912 0.623 0.881 0.748 0.763 0.609 0.319 
0.965 0.472 0.694 0.394 0.563 0.705 0.933 0.000 0.927 0.351 0.781 0.069 0.890 0.638 0.878 0.684 0.739 0.645 0.296 
0.957 0.525 0.583 0.500 0.445 0.719 0.889 0.000 0.922 0.228 0.783 0.132 0.927 0.698 0.881 0.673 0.764 0.603 0.274 
0.938 0.337 0.745 0.690 0.283 0.777 0.917 0.000 0.913 0.292 0.786 0.118 0.912 0.597 0.874 0.702 0.758 0.554 0.276 
0.976 0.424 0.590 0.826 0.692 0.558 0.437 0.000 0.915 0.324 0.780 0.000 0.910 0.639 0.887 0.775 0.768 0.648 0.456 
0.953 0.222 0.653 0.310 0.574 0.797 0.944 0.000 0.914 0.347 0.781 0.084 0.904 0.628 0.871 0.701 0.747 0.677 0.403 
0.972 0.498 0.653 0.563 0.606 0.769 0.907 0.000 0.915 0.285 0.777 0.018 0.914 0.631 0.875 0.680 0.751 0.608 0.239 
0.974 0.449 0.461 0.464 0.664 0.644 0.840 0.000 0.920 0.377 0.787 0.001 0.915 0.684 0.880 0.647 0.749 0.614 0.562 
0.961 0.512 0.602 0.785 0.553 0.543 0.911 0.000 0.924 0.345 0.791 0.124 0.903 0.629 0.873 0.719 0.749 0.584 0.263 
0.945 0.413 0.696 0.063 0.557 0.849 0.972 0.000 0.914 0.328 0.779 0.017 0.917 0.634 0.876 0.743 0.736 0.640 0.347 
0.958 0.545 0.610 0.459 0.504 0.754 0.895 0.000 0.916 0.246 0.769 0.050 0.910 0.656 0.886 0.713 0.762 0.571 0.300 
0.955 0.425 0.642 0.526 0.396 0.589 0.783 0.000 0.905 0.316 0.773 0.008 0.918 0.644 0.878 0.713 0.757 0.633 0.234 
0.958 0.405 0.657 0.744 0.524 0.756 0.924 0.000 0.918 0.260 0.779 0.003 0.913 0.632 0.883 0.711 0.760 0.609 0.201 
0.959 0.321 0.610 0.043 0.357 0.725 0.902 0.000 0.907 0.314 0.779 0.022 0.914 0.660 0.878 0.731 0.749 0.670 0.429 
0.944 0.392 0.523 0.402 0.425 0.637 0.899 0.000 0.915 0.312 0.787 0.063 0.914 0.631 0.868 0.673 0.741 0.579 0.371 
0.956 0.485 0.756 0.349 0.468 0.788 0.826 0.000 0.924 0.341 0.788 0.006 0.921 0.651 0.880 0.685 0.758 0.658 0.439 
0.965 0.334 0.584 0.430 0.510 0.826 0.943 0.000 0.910 0.306 0.781 0.033 0.921 0.642 0.879 0.738 0.747 0.681 0.461 
0.947 0.399 0.730 0.298 0.387 0.618 0.793 0.000 0.904 0.396 0.782 0.069 0.911 0.606 0.881 0.708 0.761 0.578 0.309 
0.962 0.387 0.678 0.405 0.507 0.595 0.953 0.629 0.902 0.216 0.762 0.035 0.906 0.599 0.864 0.704 0.733 0.662 0.456 
0.951 0.445 0.602 0.205 0.669 0.637 0.906 0.000 0.914 0.288 0.770 0.047 0.921 0.655 0.872 0.723 0.740 0.594 0.440 
0.970 0.370 0.693 0.708 0.582 0.868 0.961 0.000 0.914 0.328 0.784 0.016 0.917 0.606 0.872 0.723 0.751 0.674 0.438 
0.951 0.442 0.408 0.764 0.487 0.726 0.948 0.000 0.908 0.283 0.772 0.119 0.929 0.663 0.878 0.720 0.747 0.590 0.428 
0.968 0.501 0.532 0.793 0.659 0.704 0.924 0.000 0.902 0.344 0.780 0.000 0.908 0.624 0.871 0.708 0.754 0.620 0.316 
0.953 0.451 0.723 0.015 0.479 0.610 0.950 0.000 0.915 0.288 0.779 0.123 0.921 0.628 0.872 0.760 0.734 0.667 0.506 
0.963 0.585 0.597 0.755 0.526 0.818 0.877 0.669 0.913 0.275 0.786 0.085 0.915 0.669 0.876 0.724 0.749 0.578 0.349 
0.954 0.486 0.661 0.172 0.462 0.544 0.784 0.000 0.906 0.286 0.780 0.004 0.907 0.621 0.869 0.724 0.734 0.610 0.191 
0.965 0.462 0.578 0.355 0.558 0.767 0.808 0.000 0.909 0.190 0.762 0.025 0.926 0.630 0.874 0.719 0.749 0.680 0.348 
0.971 0.335 0.703 0.774 0.576 0.592 0.945 0.000 0.915 0.319 0.775 0.058 0.914 0.655 0.877 0.712 0.750 0.565 0.226 
0.950 0.304 0.661 0.593 0.504 0.637 0.951 0.000 0.918 0.309 0.782 0.005 0.911 0.640 0.884 0.729 0.756 0.597 0.205 
0.976 0.367 0.735 0.643 0.662 0.796 0.917 0.681 0.912 0.350 0.797 0.033 0.916 0.637 0.876 0.721 0.764 0.642 0.519 
0.943 0.381 0.660 0.034 0.483 0.684 0.901 0.000 0.912 0.265 0.782 0.081 0.915 0.652 0.877 0.690 0.746 0.663 0.329 
0.963 0.470 0.713 0.713 0.476 0.724 0.896 0.000 0.915 0.344 0.786 0.245 0.905 0.609 0.874 0.739 0.750 0.643 0.385 
0.963 0.518 0.747 0.415 0.626 0.619 0.796 0.000 0.917 0.300 0.782 0.001 0.926 0.680 0.881 0.703 0.751 0.716 0.475 
0.959 0.417 0.481 0.375 0.650 0.845 0.911 0.638 0.913 0.303 0.770 0.016 0.911 0.643 0.876 0.757 0.739 0.618 0.296 
0.972 0.268 0.623 0.460 0.551 0.745 0.896 0.000 0.915 0.256 0.776 0.142 0.924 0.637 0.873 0.743 0.728 0.643 0.375 
0.974 0.286 0.555 0.742 0.558 0.833 0.980 0.000 0.903 0.235 0.771 0.000 0.903 0.588 0.873 0.727 0.744 0.621 0.404 
0.954 0.481 0.470 0.230 0.535 0.757 0.844 0.000 0.925 0.350 0.796 0.121 0.919 0.654 0.873 0.716 0.746 0.659 0.247 
0.942 0.645 0.566 0.601 0.365 0.612 0.870 0.000 0.924 0.339 0.783 0.105 0.911 0.600 0.868 0.687 0.744 0.681 0.428 
0.947 0.397 0.689 0.321 0.483 0.603 0.802 0.000 0.917 0.281 0.771 0.000 0.915 0.660 0.885 0.741 0.756 0.658 0.473 
0.955 0.485 0.715 0.527 0.471 0.663 0.918 0.652 0.899 0.274 0.746 0.111 0.915 0.654 0.882 0.747 0.753 0.650 0.377 
0.975 0.402 0.725 0.613 0.648 0.534 0.863 0.000 0.911 0.306 0.772 0.010 0.909 0.634 0.878 0.647 0.747 0.623 0.446 
0.964 0.431 0.457 0.638 0.577 0.836 0.897 0.000 0.912 0.292 0.773 0.060 0.921 0.666 0.876 0.723 0.741 0.635 0.269 
0.969 0.340 0.507 0.772 0.429 0.593 0.930 0.000 0.913 0.304 0.787 0.015 0.924 0.653 0.877 0.751 0.749 0.606 0.411 
0.946 0.280 0.714 0.268 0.448 0.623 0.722 0.000 0.897 0.341 0.766 0.049 0.923 0.721 0.879 0.695 0.754 0.638 0.448 
0.944 0.466 0.464 0.556 0.347 0.762 0.930 0.000 0.916 0.217 0.776 0.157 0.917 0.678 0.879 0.706 0.748 0.714 0.664 
0.957 0.385 0.688 0.460 0.671 0.732 0.785 0.000 0.905 0.418 0.785 0.067 0.925 0.702 0.881 0.666 0.759 0.663 0.641 
0.964 0.389 0.609 0.676 0.603 0.550 0.966 0.000 0.918 0.328 0.788 0.007 0.909 0.654 0.886 0.744 0.766 0.629 0.468 
0.950 0.491 0.589 0.344 0.344 0.740 0.904 0.000 0.919 0.335 0.777 0.094 0.912 0.632 0.884 0.755 0.762 0.611 0.486 
0.961 0.491 0.605 0.663 0.646 0.687 0.972 0.000 0.911 0.260 0.773 0.071 0.925 0.664 0.875 0.734 0.739 0.617 0.280 
0.939 0.385 0.462 0.668 0.226 0.666 0.956 0.641 0.919 0.285 0.785 0.129 0.913 0.669 0.883 0.690 0.764 0.635 0.567 
0.952 0.425 0.731 0.669 0.497 0.740 0.902 0.000 0.906 0.255 0.780 0.044 0.917 0.614 0.877 0.731 0.759 0.596 0.466 
0.963 0.520 0.559 0.328 0.479 0.804 0.875 0.000 0.899 0.356 0.774 0.065 0.911 0.612 0.866 0.730 0.731 0.631 0.506 
0.952 0.363 0.517 0.759 0.476 0.683 0.973 0.000 0.923 0.315 0.789 0.095 0.921 0.653 0.870 0.642 0.735 0.636 0.272 
0.949 0.318 0.538 0.328 0.349 0.762 0.906 0.000 0.906 0.300 0.780 0.003 0.919 0.660 0.876 0.723 0.749 0.686 0.344 
0.962 0.441 0.616 0.782 0.475 0.829 0.958 0.000 0.913 0.308 0.769 0.092 0.912 0.619 0.876 0.692 0.745 0.619 0.246 
0.956 0.466 0.683 0.434 0.451 0.721 0.902 0.000 0.906 0.340 0.768 0.171 0.916 0.657 0.884 0.731 0.746 0.623 0.301 
0.960 0.417 0.384 0.657 0.534 0.608 0.814 0.000 0.914 0.348 0.785 0.063 0.918 0.632 0.876 0.723 0.742 0.526 0.325 
0.959 0.396 0.454 0.640 0.478 0.658 0.965 0.000 0.919 0.377 0.785 0.032 0.921 0.632 0.871 0.752 0.749 0.614 0.372 
0.964 0.407 0.620 0.676 0.591 0.782 0.935 0.000 0.916 0.352 0.779 0.080 0.919 0.633 0.872 0.718 0.716 0.661 0.328 
0.976 0.399 0.448 0.821 0.663 0.583 0.905 0.000 0.918 0.330 0.780 0.029 0.911 0.636 0.878 0.736 0.755 0.682 0.541 
0.945 0.408 0.652 0.589 0.426 0.704 0.987 0.000 0.907 0.305 0.769 0.020 0.921 0.666 0.877 0.755 0.746 0.587 0.388 
0.954 0.479 0.782 0.421 0.435 0.552 0.855 0.000 0.908 0.299 0.784 0.001 0.914 0.656 0.874 0.664 0.741 0.673 0.404 
0.951 0.330 0.568 0.536 0.369 0.650 0.921 0.634 0.911 0.333 0.770 0.178 0.915 0.669 0.875 0.680 0.738 0.614 0.395 
0.955 0.322 0.443 0.715 0.507 0.680 0.959 0.000 0.905 0.376 0.774 0.215 0.908 0.632 0.880 0.736 0.755 0.636 0.386 
0.949 0.415 0.641 0.729 0.379 0.438 0.862 0.000 0.915 0.272 0.773 0.064 0.917 0.657 0.881 0.706 0.755 0.683 0.587 
0.953 0.496 0.596 0.528 0.590 0.742 0.801 0.000 0.905 0.269 0.769 0.075 0.919 0.648 0.877 0.696 0.745 0.648 0.369 
0.944 0.385 0.557 0.585 0.265 0.665 0.763 0.000 0.910 0.300 0.782 0.023 0.923 0.656 0.875 0.722 0.743 0.665 0.350 
0.972 0.367 0.641 0.389 0.577 0.733 0.769 0.000 0.921 0.308 0.790 0.151 0.914 0.640 0.880 0.743 0.750 0.574 0.361 
0.952 0.296 0.626 0.372 0.507 0.699 0.893 0.000 0.922 0.388 0.786 0.005 0.916 0.613 0.877 0.661 0.762 0.605 0.469 
0.948 0.567 0.696 0.242 0.459 0.674 0.835 0.000 0.912 0.347 0.785 0.169 0.922 0.702 0.885 0.676 0.758 0.612 0.149 
0.950 0.278 0.634 0.475 0.294 0.583 0.981 0.000 0.920 0.299 0.782 0.093 0.918 0.644 0.875 0.604 0.743 0.627 0.391 
0.960 0.297 0.482 0.266 0.451 0.762 0.978 0.000 0.922 0.325 0.792 0.078 0.917 0.630 0.879 0.754 0.768 0.621 0.279 
0.964 0.379 0.631 0.804 0.488 0.762 0.969 0.000 0.906 0.243 0.775 0.043 0.896 0.665 0.880 0.714 0.743 0.595 0.263 
0.958 0.403 0.716 0.697 0.642 0.715 0.758 0.000 0.912 0.399 0.778 0.000 0.909 0.653 0.875 0.704 0.745 0.611 0.388 
0.948 0.511 0.567 0.596 0.286 0.699 0.892 0.000 0.911 0.296 0.772 0.043 0.907 0.654 0.885 0.704 0.763 0.584 0.314 
0.968 0.361 0.603 0.346 0.587 0.760 0.939 0.000 0.901 0.250 0.757 0.000 0.914 0.616 0.873 0.643 0.742 0.666 0.274 
0.952 0.467 0.595 0.691 0.473 0.727 0.826 0.000 0.916 0.266 0.783 0.127 0.910 0.597 0.873 0.727 0.748 0.612 0.411 
0.976 0.541 0.619 0.646 0.649 0.739 0.979 0.000 0.926 0.325 0.795 0.008 0.925 0.612 0.875 0.695 0.755 0.648 0.563 
0.971 0.265 0.477 0.698 0.493 0.743 0.819 0.000 0.915 0.334 0.789 0.011 0.919 0.664 0.875 0.691 0.756 0.639 0.389 
0.951 0.410 0.386 0.504 0.545 0.680 0.952 0.000 0.905 0.283 0.768 0.006 0.924 0.608 0.878 0.732 0.750 0.636 0.443 
0.957 0.437 0.829 0.411 0.587 0.531 0.791 0.000 0.914 0.267 0.785 0.029 0.916 0.648 0.881 0.738 0.767 0.690 0.312 
0.964 0.457 0.578 0.797 0.533 0.732 0.672 0.000 0.919 0.280 0.776 0.035 0.919 0.630 0.881 0.722 0.737 0.612 0.242 
0.946 0.337 0.641 0.238 0.493 0.593 0.830 0.000 0.914 0.253 0.777 0.006 0.910 0.610 0.874 0.687 0.740 0.599 0.440 
0.944 0.458 0.508 0.300 0.301 0.736 0.634 0.000 0.914 0.330 0.788 0.035 0.916 0.638 0.867 0.655 0.732 0.626 0.246 
0.949 0.417 0.525 0.258 0.485 0.855 0.972 0.000 0.918 0.318 0.792 0.000 0.917 0.662 0.876 0.713 0.743 0.599 0.316 
0.956 0.434 0.844 0.464 0.548 0.624 0.848 0.000 0.905 0.283 0.784 0.065 0.915 0.635 0.879 0.721 0.745 0.638 0.342 
0.965 0.369 0.546 0.616 0.622 0.596 0.930 0.000 0.919 0.276 0.778 0.028 0.908 0.659 0.880 0.676 0.754 0.596 0.336 
0.954 0.445 0.601 0.536 0.409 0.765 0.928 0.000 0.921 0.315 0.791 0.000 0.910 0.658 0.880 0.750 0.762 0.580 0.358 
0.956 0.405 0.460 0.610 0.486 0.617 0.834 0.000 0.906 0.305 0.775 0.006 0.916 0.657 0.878 0.718 0.744 0.640 0.544 
0.939 0.298 0.516 0.405 0.323 0.603 0.918 0.000 0.919 0.250 0.776 0.006 0.904 0.625 0.879 0.709 0.747 0.615 0.431 
0.950 0.400 0.674 0.449 0.442 0.596 0.893 0.623 0.906 0.320 0.772 0.000 0.927 0.664 0.873 0.662 0.736 0.604 0.345 
0.951 0.580 0.557 0.766 0.377 0.623 0.932 0.000 0.910 0.392 0.776 0.000 0.914 0.648 0.872 0.731 0.745 0.670 0.337 
0.966 0.401 0.461 0.862 0.569 0.727 0.891 0.000 0.923 0.258 0.785 0.005 0.914 0.636 0.884 0.738 0.763 0.582 0.416 
0.951 0.411 0.377 0.580 0.499 0.649 0.876 0.616 0.918 0.227 0.771 0.000 0.900 0.617 0.877 0.726 0.743 0.669 0.297 
0.961 0.286 0.605 0.443 0.643 0.579 0.930 0.000 0.910 0.350 0.771 0.025 0.912 0.609 0.872 0.720 0.735 0.644 0.347 
0.953 0.371 0.643 0.715 0.539 0.759 0.902 0.000 0.914 0.364 0.783 0.002 0.909 0.636 0.881 0.695 0.768 0.612 0.253 
0.956 0.524 0.458 0.691 0.473 0.645 0.925 0.000 0.903 0.278 0.769 0.017 0.911 0.620 0.867 0.672 0.732 0.636 0.303 
0.971 0.450 0.672 0.521 0.729 0.699 0.674 0.000 0.918 0.265 0.782 0.001 0.926 0.658 0.883 0.717 0.757 0.602 0.434 
0.939 0.477 0.678 0.003 0.500 0.682 0.981 0.000 0.909 0.334 0.781 0.002 0.930 0.699 0.877 0.745 0.729 0.639 0.253 
0.940 0.467 0.547 0.228 0.465 0.563 0.872 0.000 0.914 0.342 0.779 0.000 0.916 0.652 0.873 0.711 0.736 0.657 0.202 
0.958 0.593 0.640 0.252 0.568 0.785 0.966 0.000 0.922 0.318 0.790 0.049 0.934 0.684 0.884 0.739 0.747 0.642 0.483 
0.969 0.462 0.708 0.658 0.677 0.591 0.921 0.000 0.909 0.305 0.770 0.011 0.921 0.660 0.880 0.740 0.747 0.662 0.480 
0.943 0.372 0.618 0.488 0.433 0.685 0.950 0.000 0.922 0.394 0.793 0.019 0.915 0.664 0.872 0.672 0.731 0.594 0.315 
0.935 0.463 0.680 0.381 0.339 0.690 0.975 0.000 0.900 0.261 0.763 0.036 0.922 0.668 0.886 0.723 0.763 0.702 0.386 
0.959 0.359 0.521 0.463 0.476 0.621 0.874 0.000 0.907 0.271 0.771 0.148 0.924 0.666 0.874 0.728 0.739 0.648 0.437 
0.951 0.409 0.788 0.334 0.444 0.683 0.971 0.000 0.906 0.374 0.786 0.091 0.905 0.625 0.877 0.654 0.758 0.653 0.314 
0.961 0.549 0.430 0.116 0.626 0.583 0.846 0.000 0.915 0.218 0.778 0.131 0.903 0.634 0.871 0.722 0.746 0.589 0.534 
0.946 0.338 0.640 0.213 0.298 0.750 0.932 0.000 0.909 0.295 0.769 0.060 0.905 0.670 0.881 0.706 0.739 0.595 0.236 
0.972 0.530 0.508 0.577 0.642 0.720 0.933 0.000 0.904 0.366 0.785 0.018 0.912 0.613 0.871 0.692 0.750 0.607 0.417 
0.969 0.532 0.636 0.622 0.632 0.603 0.889 0.000 0.913 0.298 0.780 0.028 0.906 0.632 0.872 0.736 0.742 0.637 0.423 
0.971 0.331 0.677 0.653 0.620 0.717 0.877 0.000 0.909 0.264 0.777 0.046 0.920 0.619 0.867 0.728 0.728 0.638 0.565 
0.956 0.382 0.686 0.724 0.457 0.762 0.965 0.665 0.908 0.303 0.753 0.028 0.916 0.681 0.883 0.700 0.749 0.636 0.481 
0.949 0.585 0.767 0.851 0.435 0.710 0.930 0.000 0.919 0.243 0.782 0.099 0.909 0.651 0.880 0.729 0.763 0.603 0.332 
0.958 0.310 0.741 0.238 0.548 0.841 0.946 0.642 0.919 0.322 0.784 0.157 0.907 0.663 0.873 0.674 0.736 0.641 0.305 
0.948 0.253 0.533 0.277 0.350 0.577 0.857 0.000 0.921 0.331 0.784 0.001 0.911 0.611 0.873 0.676 0.751 0.596 0.420 
0.957 0.452 0.575 0.640 0.442 0.720 0.864 0.000 0.906 0.354 0.774 0.000 0.920 0.636 0.877 0.690 0.770 0.603 0.532 
0.969 0.333 0.708 0.751 0.493 0.787 0.854 0.000 0.911 0.262 0.767 0.030 0.918 0.670 0.874 0.744 0.731 0.650 0.332 
0.953 0.329 0.678 0.646 0.479 0.704 0.965 0.000 0.901 0.245 0.773 0.000 0.912 0.653 0.881 0.743 0.758 0.581 0.378 
0.955 0.492 0.704 0.610 0.594 0.693 0.872 0.000 0.909 0.296 0.766 0.118 0.890 0.612 0.872 0.730 0.740 0.568 0.303 
0.962 0.321 0.695 0.612 0.446 0.723 0.957 0.000 0.924 0.254 0.780 0.017 0.923 0.654 0.884 0.730 0.755 0.614 0.295 
0.945 0.535 0.636 0.026 0.546 0.752 0.933 0.000 0.910 0.251 0.778 0.052 0.915 0.640 0.881 0.705 0.764 0.607 0.489 
0.944 0.506 0.638 0.810 0.412 0.786 0.884 0.000 0.914 0.307 0.780 0.073 0.919 0.652 0.879 0.757 0.758 0.664 0.320 
0.933 0.284 0.701 0.352 0.312 0.609 0.649 0.000 0.909 0.312 0.775 0.162 0.901 0.607 0.873 0.723 0.758 0.684 0.367 
0.954 0.488 0.598 0.621 0.438 0.711 0.916 0.000 0.928 0.289 0.796 0.102 0.919 0.644 0.874 0.720 0.762 0.609 0.371 
0.955 0.458 0.681 0.196 0.332 0.707 0.888 0.000 0.906 0.207 0.753 0.004 0.910 0.607 0.871 0.706 0.736 0.668 0.268 
0.972 0.473 0.670 0.312 0.621 0.799 0.855 0.000 0.923 0.274 0.793 0.142 0.918 0.635 0.878 0.727 0.750 0.690 0.390 
0.968 0.470 0.625 0.676 0.497 0.499 0.894 0.000 0.903 0.251 0.761 0.001 0.925 0.658 0.881 0.734 0.751 0.588 0.473 
0.951 0.434 0.629 0.531 0.433 0.721 0.911 0.635 0.920 0.264 0.779 0.033 0.931 0.683 0.886 0.687 0.760 0.631 0.253 
0.960 0.488 0.614 0.542 0.543 0.559 0.919 0.000 0.921 0.343 0.790 0.200 0.927 0.645 0.879 0.734 0.757 0.634 0.430 
0.954 0.440 0.663 0.689 0.559 0.708 0.956 0.000 0.916 0.266 0.776 0.038 0.923 0.636 0.871 0.762 0.739 0.663 0.532 
0.950 0.549 0.602 0.485 0.475 0.806 0.845 0.000 0.916 0.332 0.779 0.170 0.918 0.663 0.871 0.715 0.733 0.613 0.273 
0.954 0.537 0.900 0.694 0.496 0.604 0.920 0.660 0.915 0.308 0.781 0.149 0.905 0.635 0.869 0.713 0.734 0.614 0.144 
0.970 0.355 0.616 0.785 0.466 0.628 0.950 0.000 0.920 0.255 0.782 0.008 0.913 0.639 0.872 0.709 0.741 0.575 0.393 
0.955 0.314 0.705 0.740 0.549 0.710 0.696 0.000 0.899 0.249 0.763 0.014 0.926 0.665 0.885 0.738 0.745 0.610 0.413 
0.959 0.432 0.685 0.673 0.571 0.650 0.884 0.000 0.910 0.305 0.759 0.085 0.919 0.621 0.874 0.682 0.733 0.636 0.422 
0.950 0.440 0.683 0.295 0.453 0.762 0.979 0.000 0.902 0.367 0.776 0.108 0.904 0.673 0.881 0.700 0.764 0.581 0.466 
0.958 0.410 0.628 0.686 0.585 0.543 0.925 0.000 0.917 0.234 0.779 0.026 0.920 0.681 0.879 0.708 0.753 0.679 0.425 
0.950 0.508 0.594 0.606 0.295 0.728 0.938 0.000 0.909 0.305 0.775 0.013 0.904 0.632 0.874 0.744 0.745 0.623 0.370 
0.958 0.430 0.572 0.793 0.531 0.750 0.751 0.645 0.907 0.298 0.773 0.027 0.910 0.641 0.873 0.728 0.726 0.613 0.319 
0.967 0.409 0.703 0.780 0.570 0.641 0.968 0.000 0.913 0.286 0.784 0.047 0.897 0.614 0.876 0.719 0.753 0.559 0.292 
0.956 0.344 0.668 0.853 0.496 0.672 0.913 0.000 0.911 0.348 0.773 0.073 0.916 0.674 0.882 0.703 0.761 0.628 0.453 
0.950 0.414 0.571 0.734 0.471 0.757 0.938 0.000 0.914 0.270 0.789 0.096 0.923 0.658 0.879 0.714 0.752 0.583 0.265 
0.952 0.370 0.502 0.386 0.507 0.769 0.913 0.000 0.910 0.285 0.784 0.040 0.921 0.656 0.883 0.688 0.754 0.619 0.430 
0.935 0.459 0.688 0.595 0.316 0.527 0.927 0.000 0.911 0.256 0.763 0.157 0.911 0.660 0.875 0.716 0.735 0.641 0.461 
0.967 0.468 0.417 0.614 0.629 0.713 0.792 0.000 0.905 0.374 0.772 0.000 0.910 0.594 0.873 0.700 0.742 0.606 0.340 
0.971 0.334 0.797 0.770 0.690 0.430 0.949 0.000 0.910 0.289 0.793 0.093 0.931 0.627 0.878 0.692 0.766 0.576 0.274 
0.970 0.475 0.488 0.597 0.627 0.597 0.852 0.000 0.905 0.294 0.774 0.067 0.912 0.641 0.883 0.693 0.758 0.644 0.370 
0.949 0.411 0.740 0.767 0.468 0.579 0.890 0.644 0.922 0.302 0.777 0.137 0.921 0.612 0.877 0.719 0.747 0.557 0.219 
0.965 0.401 0.469 0.532 0.451 0.717 0.953 0.000 0.912 0.254 0.774 0.072 0.922 0.641 0.881 0.702 0.752 0.630 0.243 
0.959 0.384 0.568 0.520 0.555 0.583 0.806 0.000 0.893 0.346 0.753 0.024 0.907 0.664 0.886 0.687 0.738 0.582 0.448 
0.958 0.351 0.560 0.414 0.316 0.649 0.863 0.000 0.917 0.343 0.784 0.006 0.893 0.575 0.876 0.794 0.757 0.652 0.415 
0.956 0.438 0.459 0.628 0.390 0.902 0.925 0.000 0.912 0.230 0.764 0.002 0.911 0.626 0.876 0.709 0.740 0.671 0.331 
0.958 0.429 0.693 0.296 0.557 0.547 0.966 0.000 0.916 0.299 0.777 0.028 0.923 0.642 0.877 0.742 0.736 0.684 0.538 
0.970 0.568 0.497 0.674 0.655 0.591 0.907 0.000 0.917 0.320 0.784 0.028 0.914 0.665 0.874 0.700 0.744 0.603 0.202 
0.958 0.517 0.649 0.591 0.578 0.624 0.943 0.655 0.924 0.321 0.784 0.084 0.921 0.644 0.879 0.685 0.752 0.617 0.313 
0.971 0.441 0.653 0.664 0.631 0.620 0.617 0.000 0.921 0.263 0.783 0.000 0.925 0.653 0.877 0.740 0.759 0.630 0.331 
0.942 0.268 0.384 0.413 0.545 0.643 0.944 0.000 0.915 0.274 0.785 0.016 0.911 0.647 0.884 0.760 0.760 0.623 0.293 
0.962 0.381 0.777 0.670 0.624 0.742 0.956 0.000 0.913 0.305 0.786 0.085 0.911 0.612 0.870 0.670 0.743 0.619 0.240 
0.966 0.431 0.405 0.382 0.616 0.583 0.860 0.000 0.908 0.312 0.790 0.006 0.912 0.647 0.875 0.707 0.749 0.652 0.542 
0.939 0.272 0.394 0.194 0.441 0.749 0.938 0.000 0.906 0.327 0.768 0.020 0.921 0.632 0.874 0.710 0.741 0.638 0.275 
0.963 0.381 0.424 0.561 0.601 0.618 0.823 0.624 0.912 0.299 0.775 0.089 0.907 0.618 0.869 0.707 0.740 0.585 0.369 
0.948 0.409 0.533 0.519 0.504 0.759 0.897 0.000 0.905 0.311 0.774 0.005 0.934 0.678 0.884 0.708 0.764 0.655 0.595 
0.961 0.309 0.589 0.567 0.636 0.535 0.764 0.000 0.910 0.303 0.775 0.040 0.914 0.667 0.873 0.741 0.745 0.535 0.240 
0.966 0.415 0.746 0.622 0.670 0.674 0.922 0.000 0.915 0.306 0.784 0.043 0.910 0.591 0.875 0.722 0.756 0.624 0.279 
0.965 0.416 0.638 0.669 0.603 0.697 0.893 0.000 0.928 0.306 0.791 0.065 0.932 0.648 0.881 0.708 0.754 0.604 0.325 
0.964 0.207 0.422 0.581 0.597 0.534 0.964 0.000 0.912 0.307 0.780 0.036 0.924 0.646 0.872 0.696 0.741 0.658 0.422 
0.960 0.377 0.575 0.626 0.545 0.720 0.907 0.078 0.914 0.293 0.775 0.084 0.907 0.592 0.875 0.707 0.756 0.579 0.452 
0.968 0.524 0.637 0.515 0.623 0.655 0.881 0.000 0.921 0.240 0.778 0.014 0.919 0.669 0.876 0.675 0.741 0.654 0.183 
0.964 0.252 0.575 0.601 0.542 0.747 0.903 0.000 0.925 0.316 0.792 0.000 0.903 0.630 0.869 0.702 0.744 0.649 0.310 
0.948 0.399 0.371 0.000 0.314 0.549 0.927 0.000 0.913 0.317 0.775 0.000 0.903 0.600 0.880 0.689 0.765 0.642 0.209 
0.946 0.407 0.600 0.476 0.407 0.552 0.880 0.000 0.917 0.268 0.777 0.048 0.918 0.693 0.886 0.663 0.758 0.578 0.286 
0.946 0.437 0.630 0.450 0.350 0.666 0.859 0.000 0.904 0.268 0.764 0.052 0.924 0.664 0.886 0.716 0.757 0.662 0.548 
0.954 0.459 0.661 0.726 0.508 0.521 0.961 0.000 0.912 0.339 0.773 0.000 0.930 0.682 0.885 0.719 0.757 0.666 0.419 
0.956 0.307 0.745 0.694 0.404 0.701 0.941 0.000 0.916 0.322 0.793 0.006 0.923 0.623 0.874 0.726 0.756 0.667 0.647 
0.955 0.402 0.655 0.000 0.701 0.770 0.969 0.638 0.917 0.331 0.785 0.071 0.914 0.644 0.878 0.737 0.750 0.642 0.359 
0.938 0.379 0.724 0.544 0.254 0.696 0.793 0.000 0.908 0.331 0.777 0.029 0.933 0.664 0.868 0.672 0.732 0.672 0.618 
0.950 0.449 0.560 0.771 0.435 0.750 0.851 0.000 0.918 0.331 0.783 0.037 0.921 0.691 0.879 0.706 0.755 0.620 0.312 
0.954 0.586 0.653 0.457 0.568 0.715 0.958 0.000 0.908 0.285 0.779 0.012 0.920 0.652 0.884 0.725 0.770 0.582 0.270 
0.953 0.286 0.534 0.611 0.532 0.829 0.885 0.000 0.915 0.391 0.782 0.072 0.922 0.647 0.872 0.713 0.746 0.613 0.297 
0.953 0.533 0.665 0.824 0.456 0.475 0.898 0.000 0.914 0.312 0.787 0.066 0.914 0.610 0.869 0.668 0.747 0.599 0.235 
0.961 0.485 0.612 0.782 0.518 0.586 0.802 0.000 0.907 0.254 0.769 0.012 0.924 0.645 0.878 0.700 0.753 0.649 0.312 
0.953 0.352 0.520 0.405 0.474 0.723 0.934 0.000 0.916 0.340 0.777 0.056 0.907 0.599 0.872 0.732 0.758 0.624 0.487 
0.949 0.230 0.650 0.245 0.406 0.662 0.964 0.000 0.901 0.272 0.770 0.060 0.919 0.621 0.870 0.710 0.745 0.679 0.257 
0.933 0.466 0.828 0.244 0.365 0.665 0.939 0.000 0.919 0.285 0.776 0.304 0.921 0.654 0.873 0.703 0.739 0.670 0.450 
0.961 0.407 0.617 0.817 0.429 0.654 0.838 0.000 0.904 0.267 0.771 0.003 0.910 0.654 0.873 0.641 0.765 0.656 0.451 
0.958 0.319 0.504 0.200 0.486 0.674 0.961 0.000 0.906 0.272 0.772 0.002 0.916 0.692 0.883 0.737 0.754 0.661 0.361 
0.960 0.388 0.617 0.807 0.573 0.742 0.979 0.000 0.909 0.271 0.774 0.055 0.923 0.656 0.877 0.700 0.742 0.589 0.339 
0.927 0.450 0.609 0.600 0.304 0.617 0.907 0.000 0.922 0.316 0.786 0.047 0.917 0.656 0.875 0.700 0.752 0.634 0.393 
0.956 0.529 0.730 0.528 0.503 0.557 0.949 0.000 0.918 0.353 0.792 0.002 0.917 0.618 0.872 0.713 0.754 0.586 0.390 
0.944 0.403 0.412 0.000 0.351 0.693 0.770 0.000 0.910 0.257 0.769 0.019 0.907 0.651 0.867 0.709 0.731 0.548 0.343 
0.953 0.458 0.504 0.456 0.523 0.687 0.967 0.634 0.910 0.267 0.772 0.051 0.911 0.627 0.869 0.747 0.730 0.654 0.333 
